     0.206 -1.85968e-05 -3.43698e-06  -4.4978e-09 -0.00297679  0.00273243         9.8
     0.211 -1.85968e-05 -3.43698e-06  -4.4978e-09 -0.00297679  0.00273243         9.8
     0.216 -1.85968e-05 -3.43698e-06  -4.4978e-09 -0.00297679  0.00273243         9.8
     0.221 -1.85968e-05 -3.43698e-06  -4.4978e-09 -0.00297679  0.00273243         9.8
     0.226 -1.85968e-05 -3.43698e-06  -4.4978e-09 -0.00297679  0.00273243         9.8
     0.231 -1.85968e-05 -3.43698e-06  -4.4978e-09 -0.00297679  0.00273243         9.8
     0.236 -1.85968e-05 -3.43698e-06  -4.4978e-09 -0.00297679  0.00273243         9.8
     0.241 -1.85968e-05 -3.43698e-06  -4.4978e-09 -0.00297679  0.00273243         9.8
     0.246 -1.85968e-05 -3.43698e-06  -4.4978e-09 -0.00297679  0.00273243         9.8
     0.251 -1.85968e-05 -3.43698e-06  -4.4978e-09 -0.00297679  0.00273243         9.8
     0.256 -1.85968e-05 -3.43698e-06  -4.4978e-09 -0.00297679  0.00273243         9.8
     0.261 -1.85968e-05 -3.43698e-06  -4.4978e-09 -0.00297679  0.00273243         9.8
     0.266 -1.85968e-05 -3.43698e-06  -4.4978e-09 -0.00297679  0.00273243         9.8
     0.271 -1.85968e-05 -3.43698e-06  -4.4978e-09 -0.00297679  0.00273243         9.8
     0.276 -1.85968e-05 -3.43698e-06  -4.4978e-09 -0.00297679  0.00273243         9.8
     0.281 -1.85968e-05 -3.43698e-06  -4.4978e-09 -0.00297679  0.00273243         9.8
     0.286 -1.85968e-05 -3.43698e-06  -4.4978e-09 -0.00297679  0.00273243         9.8
     0.291 -1.85968e-05 -3.43698e-06  -4.4978e-09 -0.00297679  0.00273243         9.8
     0.296 -1.85968e-05 -3.43698e-06  -4.4978e-09 -0.00297679  0.00273243         9.8
     0.301 -1.85968e-05 -3.43698e-06  -4.4978e-09 -0.00297679  0.00273243         9.8
     0.306 -1.85968e-05 -3.43698e-06  -4.4978e-09 -0.00297679  0.00273243         9.8
     0.311 -1.85968e-05 -3.43698e-06  -4.4978e-09 -0.00297679  0.00273243         9.8
     0.316 -1.85968e-05 -3.43698e-06  -4.4978e-09 -0.00297679  0.00273243         9.8
     0.321 -1.85968e-05 -3.43698e-06  -4.4978e-09 -0.00297679  0.00273243         9.8
     0.326 -1.85968e-05 -3.43698e-06  -4.4978e-09 -0.00297679  0.00273243         9.8
     0.331 -1.85968e-05 -3.43698e-06  -4.4978e-09 -0.00297679  0.00273243         9.8
     0.336 -1.85968e-05 -3.43698e-06  -4.4978e-09 -0.00297679  0.00273243         9.8
     0.341 -1.85968e-05 -3.43698e-06  -4.4978e-09 -0.00297679  0.00273243         9.8
     0.346 -1.85968e-05 -3.43698e-06  -4.4978e-09 -0.00297679  0.00273243         9.8
     0.351 -1.85968e-05 -3.43698e-06  -4.4978e-09 -0.00297679  0.00273243         9.8
     0.356 -1.85968e-05 -3.43698e-06  -4.4978e-09 -0.00297679  0.00273243         9.8
     0.361 -1.85968e-05 -3.43698e-06  -4.4978e-09 -0.00297679  0.00273243         9.8
     0.366 -1.85968e-05 -3.43698e-06  -4.4978e-09 -0.00297679  0.00273243         9.8
     0.371 -1.85968e-05 -3.43698e-06  -4.4978e-09 -0.00297679  0.00273243         9.8
     0.376 -1.85968e-05 -3.43698e-06  -4.4978e-09 -0.00297679  0.00273243         9.8
     0.381 -1.85968e-05 -3.43698e-06  -4.4978e-09 -0.00297679  0.00273243         9.8
     0.386 -1.85968e-05 -3.43698e-06  -4.4978e-09 -0.00297679  0.00273243         9.8
     0.391 -1.85968e-05 -3.43698e-06  -4.4978e-09 -0.00297679  0.00273243         9.8
     0.396 -1.85968e-05 -3.43698e-06  -4.4978e-09 -0.00297679  0.00273243         9.8
     0.401 -1.85968e-05 -3.43698e-06  -4.4978e-09 -0.00297679  0.00273243         9.8
     0.406 -1.85968e-05 -3.43698e-06  -4.4978e-09 -0.00297679  0.00273243         9.8
     0.411 -1.85968e-05 -3.43698e-06  -4.4978e-09 -0.00297679  0.00273243         9.8
     0.416 -1.85968e-05 -3.43698e-06  -4.4978e-09 -0.00297679  0.00273243         9.8
     0.421 -1.85968e-05 -3.43698e-06  -4.4978e-09 -0.00297679  0.00273243         9.8
     0.426 -1.85968e-05 -3.43698e-06  -4.4978e-09 -0.00297679  0.00273243         9.8
     0.431 -1.85968e-05 -3.43698e-06  -4.4978e-09 -0.00297679  0.00273243         9.8
     0.436 -1.85968e-05 -3.43698e-06  -4.4978e-09 -0.00297679  0.00273243         9.8
     0.441 -1.85968e-05 -3.43698e-06  -4.4978e-09 -0.00297679  0.00273243         9.8
     0.446 -1.85968e-05 -3.43698e-06  -4.4978e-09 -0.00297679  0.00273243         9.8
     0.451 -1.85968e-05 -3.43698e-06  -4.4978e-09 -0.00297679  0.00273243         9.8
     0.456 -1.85968e-05 -3.43698e-06  -4.4978e-09 -0.00297679  0.00273243         9.8
     0.461 -1.85968e-05 -3.43698e-06  -4.4978e-09 -0.00297679  0.00273243         9.8
     0.466 -1.85968e-05 -3.43698e-06  -4.4978e-09 -0.00297679  0.00273243         9.8
     0.471 -1.85968e-05 -3.43698e-06  -4.4978e-09 -0.00297679  0.00273243         9.8
     0.476 -1.85968e-05 -3.43698e-06  -4.4978e-09 -0.00297679  0.00273243         9.8
     0.481 -1.85968e-05 -3.43698e-06  -4.4978e-09 -0.00297679  0.00273243         9.8
     0.486 -1.85968e-05 -3.43698e-06  -4.4978e-09 -0.00297679  0.00273243         9.8
     0.491 -1.85968e-05 -3.43698e-06  -4.4978e-09 -0.00297679  0.00273243         9.8
     0.496 -1.85968e-05 -3.43698e-06  -4.4978e-09 -0.00297679  0.00273243         9.8
     0.501 -1.85968e-05 -3.43698e-06  -4.4978e-09 -0.00297679  0.00273243         9.8
     0.506 -1.85968e-05 -3.43698e-06  -4.4978e-09 -0.00297679  0.00273243         9.8
     0.511 -1.85968e-05 -3.43698e-06  -4.4978e-09 -0.00297679  0.00273243         9.8
     0.516 -1.85968e-05 -3.43698e-06  -4.4978e-09 -0.00297679  0.00273243         9.8
     0.521 -1.85968e-05 -3.43698e-06  -4.4978e-09 -0.00297679  0.00273243         9.8
     0.526 -1.85968e-05 -3.43698e-06  -4.4978e-09 -0.00297679  0.00273243         9.8
     0.531 -1.85968e-05 -3.43698e-06  -4.4978e-09 -0.00297679  0.00273243         9.8
     0.536 -1.85968e-05 -3.43698e-06  -4.4978e-09 -0.00297679  0.00273243         9.8
     0.541 -1.85968e-05 -3.43698e-06  -4.4978e-09 -0.00297679  0.00273243         9.8
     0.546 -1.85968e-05 -3.43698e-06  -4.4978e-09 -0.00297679  0.00273243         9.8
     0.551 -1.85968e-05 -3.43698e-06  -4.4978e-09 -0.00297679  0.00273243         9.8
     0.556 -1.85968e-05 -3.43698e-06  -4.4978e-09 -0.00297679  0.00273243         9.8
     0.561 -1.85968e-05 -3.43698e-06  -4.4978e-09 -0.00297679  0.00273243         9.8
     0.566 -1.85968e-05 -3.43698e-06  -4.4978e-09 -0.00297679  0.00273243         9.8
     0.571 -1.85968e-05 -3.43698e-06  -4.4978e-09 -0.00297679  0.00273243         9.8
     0.576 -1.85968e-05 -3.43698e-06  -4.4978e-09 -0.00297679  0.00273243         9.8
     0.581 -1.85968e-05 -3.43698e-06  -4.4978e-09 -0.00297679  0.00273243         9.8
     0.586 -1.85968e-05 -3.43698e-06  -4.4978e-09 -0.00297679  0.00273243         9.8
     0.591 -1.85968e-05 -3.43698e-06  -4.4978e-09 -0.00297679  0.00273243         9.8
     0.596 -1.85968e-05 -3.43698e-06  -4.4978e-09 -0.00297679  0.00273243         9.8
     0.601 -1.85968e-05 -3.43698e-06  -4.4978e-09 -0.00297679  0.00273243         9.8
     0.606 -1.85968e-05 -3.43698e-06  -4.4978e-09 -0.00297679  0.00273243         9.8
     0.611 -1.85968e-05 -3.43698e-06  -4.4978e-09 -0.00297679  0.00273243         9.8
     0.616 -1.85968e-05 -3.43698e-06  -4.4978e-09 -0.00297679  0.00273243         9.8
     0.621 -1.85968e-05 -3.43698e-06  -4.4978e-09 -0.00297679  0.00273243         9.8
     0.626 -1.85968e-05 -3.43698e-06  -4.4978e-09 -0.00297679  0.00273243         9.8
     0.631 -1.85968e-05 -3.43698e-06  -4.4978e-09 -0.00297679  0.00273243         9.8
     0.636 -1.85968e-05 -3.43698e-06  -4.4978e-09 -0.00297679  0.00273243         9.8
     0.641 -1.85968e-05 -3.43698e-06  -4.4978e-09 -0.00297679  0.00273243         9.8
     0.646 -1.85968e-05 -3.43698e-06  -4.4978e-09 -0.00297679  0.00273243         9.8
     0.651 -1.85968e-05 -3.43698e-06  -4.4978e-09 -0.00297679  0.00273243         9.8
     0.656 -1.85968e-05 -3.43698e-06  -4.4978e-09 -0.00297679  0.00273243         9.8
     0.661 -1.85968e-05 -3.43698e-06  -4.4978e-09 -0.00297679  0.00273243         9.8
     0.666 -1.85968e-05 -3.43698e-06  -4.4978e-09 -0.00297679  0.00273243         9.8
     0.671 -1.85968e-05 -3.43698e-06  -4.4978e-09 -0.00297679  0.00273243         9.8
     0.676 -1.85968e-05 -3.43698e-06  -4.4978e-09 -0.00297679  0.00273243         9.8
     0.681 -1.85968e-05 -3.43698e-06  -4.4978e-09 -0.00297679  0.00273243         9.8
     0.686 -1.85968e-05 -3.43698e-06  -4.4978e-09 -0.00297679  0.00273243         9.8
     0.691 -1.85968e-05 -3.43698e-06  -4.4978e-09 -0.00297679  0.00273243         9.8
     0.696 -1.85968e-05 -3.43698e-06  -4.4978e-09 -0.00297679  0.00273243         9.8
     0.701 -1.85968e-05 -3.43698e-06  -4.4978e-09 -0.00297679  0.00273243         9.8
     0.706 -1.85968e-05 -3.43698e-06  -4.4978e-09 -0.00297679  0.00273243         9.8
     0.711 -1.85968e-05 -3.43698e-06  -4.4978e-09 -0.00297679  0.00273243         9.8
     0.716 -1.85968e-05 -3.43698e-06  -4.4978e-09 -0.00297679  0.00273243         9.8
     0.721 -1.85968e-05 -3.43698e-06  -4.4978e-09 -0.00297679  0.00273243         9.8
     0.726 -1.85968e-05 -3.43698e-06  -4.4978e-09 -0.00297679  0.00273243         9.8
     0.731 -1.85968e-05 -3.43698e-06  -4.4978e-09 -0.00297679  0.00273243         9.8
     0.736 -1.85968e-05 -3.43698e-06  -4.4978e-09 -0.00297679  0.00273243         9.8
     0.741 -1.85968e-05 -3.43698e-06  -4.4978e-09 -0.00297679  0.00273243         9.8
     0.746 -1.85968e-05 -3.43698e-06  -4.4978e-09 -0.00297679  0.00273243         9.8
     0.751 -1.85968e-05 -3.43698e-06  -4.4978e-09 -0.00297679  0.00273243         9.8
     0.756 -1.85968e-05 -3.43698e-06  -4.4978e-09 -0.00297679  0.00273243         9.8
     0.761 -1.85968e-05 -3.43698e-06  -4.4978e-09 -0.00297679  0.00273243         9.8
     0.766 -1.85968e-05 -3.43698e-06  -4.4978e-09 -0.00297679  0.00273243         9.8
     0.771 -1.85968e-05 -3.43698e-06  -4.4978e-09 -0.00297679  0.00273243         9.8
     0.776 -1.85968e-05 -3.43698e-06  -4.4978e-09 -0.00297679  0.00273243         9.8
     0.781 -1.85968e-05 -3.43698e-06  -4.4978e-09 -0.00297679  0.00273243         9.8
     0.786 -1.85968e-05 -3.43698e-06  -4.4978e-09 -0.00297679  0.00273243         9.8
     0.791 -1.85968e-05 -3.43698e-06  -4.4978e-09 -0.00297679  0.00273243         9.8
     0.796 -1.85968e-05 -3.43698e-06  -4.4978e-09 -0.00297679  0.00273243         9.8
     0.801 -1.85968e-05 -3.43698e-06  -4.4978e-09 -0.00297679  0.00273243         9.8
     0.806 -1.85968e-05 -3.43698e-06  -4.4978e-09 -0.00297679  0.00273243         9.8
     0.811 -1.85968e-05 -3.43698e-06  -4.4978e-09 -0.00297679  0.00273243         9.8
     0.816 -1.85968e-05 -3.43698e-06  -4.4978e-09 -0.00297679  0.00273243         9.8
     0.821 -1.85968e-05 -3.43698e-06  -4.4978e-09 -0.00297679  0.00273243         9.8
     0.826 -1.85968e-05 -3.43698e-06  -4.4978e-09 -0.00297679  0.00273243         9.8
     0.831 -1.85968e-05 -3.43698e-06  -4.4978e-09 -0.00297679  0.00273243         9.8
     0.836 -1.85968e-05 -3.43698e-06  -4.4978e-09 -0.00297679  0.00273243         9.8
     0.841 -1.85968e-05 -3.43698e-06  -4.4978e-09 -0.00297679  0.00273243         9.8
     0.846 -1.85968e-05 -3.43698e-06  -4.4978e-09 -0.00297679  0.00273243         9.8
     0.851 -1.85968e-05 -3.43698e-06  -4.4978e-09 -0.00297679  0.00273243         9.8
     0.856 -1.85968e-05 -3.43698e-06  -4.4978e-09 -0.00297679  0.00273243         9.8
     0.861 -1.85968e-05 -3.43698e-06  -4.4978e-09 -0.00297679  0.00273243         9.8
     0.866 -1.85968e-05 -3.43698e-06  -4.4978e-09 -0.00297679  0.00273243         9.8
     0.871 -1.85968e-05 -3.43698e-06  -4.4978e-09 -0.00297679  0.00273243         9.8
     0.876 -1.85968e-05 -3.43698e-06  -4.4978e-09 -0.00297679  0.00273243         9.8
     0.881 -1.85968e-05 -3.43698e-06  -4.4978e-09 -0.00297679  0.00273243         9.8
     0.886 -1.85968e-05 -3.43698e-06  -4.4978e-09 -0.00297679  0.00273243         9.8
     0.891 -1.85968e-05 -3.43698e-06  -4.4978e-09 -0.00297679  0.00273243         9.8
     0.896 -1.85968e-05 -3.43698e-06  -4.4978e-09 -0.00297679  0.00273243         9.8
     0.901 -1.85968e-05 -3.43698e-06  -4.4978e-09 -0.00297679  0.00273243         9.8
     0.906 -1.85968e-05 -3.43698e-06  -4.4978e-09 -0.00297679  0.00273243         9.8
     0.911 -1.85968e-05 -3.43698e-06  -4.4978e-09 -0.00297679  0.00273243         9.8
     0.916 -1.85968e-05 -3.43698e-06  -4.4978e-09 -0.00297679  0.00273243         9.8
     0.921 -1.85968e-05 -3.43698e-06  -4.4978e-09 -0.00297679  0.00273243         9.8
     0.926 -1.85968e-05 -3.43698e-06  -4.4978e-09 -0.00297679  0.00273243         9.8
     0.931 -1.85968e-05 -3.43698e-06  -4.4978e-09 -0.00297679  0.00273243         9.8
     0.936 -1.85968e-05 -3.43698e-06  -4.4978e-09 -0.00297679  0.00273243         9.8
     0.941 -1.85968e-05 -3.43698e-06  -4.4978e-09 -0.00297679  0.00273243         9.8
     0.946 -1.85968e-05 -3.43698e-06  -4.4978e-09 -0.00297679  0.00273243         9.8
     0.951 -1.85968e-05 -3.43698e-06  -4.4978e-09 -0.00297679  0.00273243         9.8
     0.956 -1.85968e-05 -3.43698e-06  -4.4978e-09 -0.00297679  0.00273243         9.8
     0.961 -1.85968e-05 -3.43698e-06  -4.4978e-09 -0.00297679  0.00273243         9.8
     0.966 -1.85968e-05 -3.43698e-06  -4.4978e-09 -0.00297679  0.00273243         9.8
     0.971 -1.85968e-05 -3.43698e-06  -4.4978e-09 -0.00297679  0.00273243         9.8
     0.976 -1.85968e-05 -3.43698e-06  -4.4978e-09 -0.00297679  0.00273243         9.8
     0.981 -1.85968e-05 -3.43698e-06  -4.4978e-09 -0.00297679  0.00273243         9.8
     0.986 -1.85968e-05 -3.43698e-06  -4.4978e-09 -0.00297679  0.00273243         9.8
     0.991 -1.85968e-05 -3.43698e-06  -4.4978e-09 -0.00297679  0.00273243         9.8
     0.996 -1.85968e-05 -3.43698e-06  -4.4978e-09 -0.00297679  0.00273243         9.8
     1.001 -1.85968e-05 -3.43698e-06  -4.4978e-09 -0.00297679  0.00273243         9.8
     1.006 -1.85968e-05 -3.43698e-06  -4.4978e-09 -0.00297679  0.00273243         9.8
     1.011 -1.85968e-05 -3.43698e-06  -4.4978e-09 -0.00297679  0.00273243         9.8
     1.016 -1.85968e-05 -3.43698e-06  -4.4978e-09 -0.00297679  0.00273243         9.8
     1.021 -1.85968e-05 -3.43698e-06  -4.4978e-09 -0.00297679  0.00273243         9.8
     1.026 -1.85968e-05 -3.43698e-06  -4.4978e-09 -0.00297679  0.00273243         9.8
     1.031 -1.85968e-05 -3.43698e-06  -4.4978e-09 -0.00297679  0.00273243         9.8
     1.036 -1.85968e-05 -3.43698e-06  -4.4978e-09 -0.00297679  0.00273243         9.8
     1.041 -1.85968e-05 -3.43698e-06  -4.4978e-09 -0.00297679  0.00273243         9.8
     1.046 -1.85968e-05 -3.43698e-06  -4.4978e-09 -0.00297679  0.00273243         9.8
     1.051 -1.85968e-05 -3.43698e-06  -4.4978e-09 -0.00297679  0.00273243         9.8
     1.056 -1.85968e-05 -3.43698e-06  -4.4978e-09 -0.00297679  0.00273243         9.8
     1.061 -1.85968e-05 -3.43698e-06  -4.4978e-09 -0.00297679  0.00273243         9.8
     1.066 -1.85968e-05 -3.43698e-06  -4.4978e-09 -0.00297679  0.00273243         9.8
     1.071 -1.85968e-05 -3.43698e-06  -4.4978e-09 -0.00297679  0.00273243         9.8
     1.076 -1.85968e-05 -3.43698e-06  -4.4978e-09 -0.00297679  0.00273243         9.8
     1.081 -1.85968e-05 -3.43698e-06  -4.4978e-09 -0.00297679  0.00273243         9.8
     1.086 -1.85968e-05 -3.43698e-06  -4.4978e-09 -0.00297679  0.00273243         9.8
     1.091 -1.85968e-05 -3.43698e-06  -4.4978e-09 -0.00297679  0.00273243         9.8
     1.096 -1.85968e-05 -3.43698e-06  -4.4978e-09 -0.00297679  0.00273243         9.8
     1.101 -1.85968e-05 -3.43698e-06  -4.4978e-09 -0.00297679  0.00273243         9.8
     1.106 -1.85968e-05 -3.43698e-06  -4.4978e-09 -0.00297679  0.00273243         9.8
     1.111 -1.85968e-05 -3.43698e-06  -4.4978e-09 -0.00297679  0.00273243         9.8
     1.116 -1.85968e-05 -3.43698e-06  -4.4978e-09 -0.00297679  0.00273243         9.8
     1.121 -1.85968e-05 -3.43698e-06  -4.4978e-09 -0.00297679  0.00273243         9.8
     1.126 -1.85968e-05 -3.43698e-06  -4.4978e-09 -0.00297679  0.00273243         9.8
     1.131 -1.85968e-05 -3.43698e-06  -4.4978e-09 -0.00297679  0.00273243         9.8
     1.136 -1.85968e-05 -3.43698e-06  -4.4978e-09 -0.00297679  0.00273243         9.8
     1.141 -1.85968e-05 -3.43698e-06  -4.4978e-09 -0.00297679  0.00273243         9.8
     1.146 -1.85968e-05 -3.43698e-06  -4.4978e-09 -0.00297679  0.00273243         9.8
     1.151 -1.85968e-05 -3.43698e-06  -4.4978e-09 -0.00297679  0.00273243         9.8
     1.156 -1.85968e-05 -3.43698e-06  -4.4978e-09 -0.00297679  0.00273243         9.8
     1.161 -1.85968e-05 -3.43698e-06  -4.4978e-09 -0.00297679  0.00273243         9.8
     1.166 -1.85968e-05 -3.43698e-06  -4.4978e-09 -0.00297679  0.00273243         9.8
     1.171 -1.85968e-05 -3.43698e-06  -4.4978e-09 -0.00297679  0.00273243         9.8
     1.176 -1.85968e-05 -3.43698e-06  -4.4978e-09 -0.00297679  0.00273243         9.8
     1.181 -1.85968e-05 -3.43698e-06  -4.4978e-09 -0.00297679  0.00273243         9.8
     1.186 -1.85968e-05 -3.43698e-06  -4.4978e-09 -0.00297679  0.00273243         9.8
     1.191 -1.85968e-05 -3.43698e-06  -4.4978e-09 -0.00297679  0.00273243         9.8
     1.196 -1.85968e-05 -3.43698e-06  -4.4978e-09 -0.00297679  0.00273243         9.8
     1.201 -1.85968e-05 -3.43698e-06  -4.4978e-09 -0.00297679  0.00273243         9.8
     1.206 -1.85968e-05 -3.43698e-06  -4.4978e-09 -0.00297679  0.00273243         9.8
     1.211 -1.85968e-05 -3.43698e-06  -4.4978e-09 -0.00297679  0.00273243         9.8
     1.216 -1.85968e-05 -3.43698e-06  -4.4978e-09 -0.00297679  0.00273243         9.8
     1.221 -1.85968e-05 -3.43698e-06  -4.4978e-09 -0.00297679  0.00273243         9.8
     1.226 -1.85968e-05 -3.43698e-06  -4.4978e-09 -0.00297679  0.00273243         9.8
     1.231 -1.85968e-05 -3.43698e-06  -4.4978e-09 -0.00297679  0.00273243         9.8
     1.236 -1.85968e-05 -3.43698e-06  -4.4978e-09 -0.00297679  0.00273243         9.8
     1.241 -1.85968e-05 -3.43698e-06  -4.4978e-09 -0.00297679  0.00273243         9.8
     1.246 -1.85968e-05 -3.43698e-06  -4.4978e-09 -0.00297679  0.00273243         9.8
     1.251 -1.85968e-05 -3.43698e-06  -4.4978e-09 -0.00297679  0.00273243         9.8
     1.256 -1.85968e-05 -3.43698e-06  -4.4978e-09 -0.00297679  0.00273243         9.8
     1.261 -1.85968e-05 -3.43698e-06  -4.4978e-09 -0.00297679  0.00273243         9.8
     1.266 -1.85968e-05 -3.43698e-06  -4.4978e-09 -0.00297679  0.00273243         9.8
     1.271 -1.85968e-05 -3.43698e-06  -4.4978e-09 -0.00297679  0.00273243         9.8
     1.276 -1.85968e-05 -3.43698e-06  -4.4978e-09 -0.00297679  0.00273243         9.8
     1.281 -1.85968e-05 -3.43698e-06  -4.4978e-09 -0.00297679  0.00273243         9.8
     1.286 -1.85968e-05 -3.43698e-06  -4.4978e-09 -0.00297679  0.00273243         9.8
     1.291 -1.85968e-05 -3.43698e-06  -4.4978e-09 -0.00297679  0.00273243         9.8
     1.296 -1.85968e-05 -3.43698e-06  -4.4978e-09 -0.00297679  0.00273243         9.8
     1.301 -1.85968e-05 -3.43698e-06  -4.4978e-09 -0.00297679  0.00273243         9.8
     1.306 -1.85968e-05 -3.43698e-06  -4.4978e-09 -0.00297679  0.00273243         9.8
     1.311 -1.85968e-05 -3.43698e-06  -4.4978e-09 -0.00297679  0.00273243         9.8
     1.316 -1.85968e-05 -3.43698e-06  -4.4978e-09 -0.00297679  0.00273243         9.8
     1.321 -1.85968e-05 -3.43698e-06  -4.4978e-09 -0.00297679  0.00273243         9.8
     1.326 -1.85968e-05 -3.43698e-06  -4.4978e-09 -0.00297679  0.00273243         9.8
     1.331 -1.85968e-05 -3.43698e-06  -4.4978e-09 -0.00297679  0.00273243         9.8
     1.336 -1.85968e-05 -3.43698e-06  -4.4978e-09 -0.00297679  0.00273243         9.8
     1.341 -1.85968e-05 -3.43698e-06  -4.4978e-09 -0.00297679  0.00273243         9.8
     1.346 -1.85968e-05 -3.43698e-06  -4.4978e-09 -0.00297679  0.00273243         9.8
     1.351 -1.85968e-05 -3.43698e-06  -4.4978e-09 -0.00297679  0.00273243         9.8
     1.356 -1.85968e-05 -3.43698e-06  -4.4978e-09 -0.00297679  0.00273243         9.8
     1.361 -1.85968e-05 -3.43698e-06  -4.4978e-09 -0.00297679  0.00273243         9.8
     1.366 -1.85968e-05 -3.43698e-06  -4.4978e-09 -0.00297679  0.00273243         9.8
     1.371 -1.85968e-05 -3.43698e-06  -4.4978e-09 -0.00297679  0.00273243         9.8
     1.376 -1.85968e-05 -3.43698e-06  -4.4978e-09 -0.00297679  0.00273243         9.8
     1.381 -1.85968e-05 -3.43698e-06  -4.4978e-09 -0.00297679  0.00273243         9.8
     1.386 -1.85968e-05 -3.43698e-06  -4.4978e-09 -0.00297679  0.00273243         9.8
     1.391 -1.85968e-05 -3.43698e-06  -4.4978e-09 -0.00297679  0.00273243         9.8
     1.396 -1.85968e-05 -3.43698e-06  -4.4978e-09 -0.00297679  0.00273243         9.8
     1.401 -1.85968e-05 -3.43698e-06  -4.4978e-09 -0.00297679  0.00273243         9.8
     1.406 -1.85968e-05 -3.43698e-06  -4.4978e-09 -0.00297679  0.00273243         9.8
     1.411 -1.85968e-05 -3.43698e-06  -4.4978e-09 -0.00297679  0.00273243         9.8
     1.416 -1.85968e-05 -3.43698e-06  -4.4978e-09 -0.00297679  0.00273243         9.8
     1.421 -1.85968e-05 -3.43698e-06  -4.4978e-09 -0.00297679  0.00273243         9.8
     1.426 -1.85968e-05 -3.43698e-06  -4.4978e-09 -0.00297679  0.00273243         9.8
     1.431 -1.85968e-05 -3.43698e-06  -4.4978e-09 -0.00297679  0.00273243         9.8
     1.436 -1.85968e-05 -3.43698e-06  -4.4978e-09 -0.00297679  0.00273243         9.8
     1.441 -1.85968e-05 -3.43698e-06  -4.4978e-09 -0.00297679  0.00273243         9.8
     1.446 -1.85968e-05 -3.43698e-06  -4.4978e-09 -0.00297679  0.00273243         9.8
     1.451 -1.85968e-05 -3.43698e-06  -4.4978e-09 -0.00297679  0.00273243         9.8
     1.456 -1.85968e-05 -3.43698e-06  -4.4978e-09 -0.00297679  0.00273243         9.8
     1.461 -1.85968e-05 -3.43698e-06  -4.4978e-09 -0.00297679  0.00273243         9.8
     1.466 -1.85968e-05 -3.43698e-06  -4.4978e-09 -0.00297679  0.00273243         9.8
     1.471 -1.85968e-05 -3.43698e-06  -4.4978e-09 -0.00297679  0.00273243         9.8
     1.476 -1.85968e-05 -3.43698e-06  -4.4978e-09 -0.00297679  0.00273243         9.8
     1.481 -1.85968e-05 -3.43698e-06  -4.4978e-09 -0.00297679  0.00273243         9.8
     1.486 -1.85968e-05 -3.43698e-06  -4.4978e-09 -0.00297679  0.00273243         9.8
     1.491 -1.85968e-05 -3.43698e-06  -4.4978e-09 -0.00297679  0.00273243         9.8
     1.496 -1.85968e-05 -3.43698e-06  -4.4978e-09 -0.00297679  0.00273243         9.8
     1.501 -1.85968e-05 -3.43698e-06  -4.4978e-09 -0.00297679  0.00273243         9.8
     1.506 -1.85968e-05 -3.43698e-06  -4.4978e-09 -0.00297679  0.00273243         9.8
     1.511 -1.85968e-05 -3.43698e-06  -4.4978e-09 -0.00297679  0.00273243         9.8
     1.516 -1.85968e-05 -3.43698e-06  -4.4978e-09 -0.00297679  0.00273243         9.8
     1.521 -1.85968e-05 -3.43698e-06  -4.4978e-09 -0.00297679  0.00273243         9.8
     1.526 -1.85968e-05 -3.43698e-06  -4.4978e-09 -0.00297679  0.00273243         9.8
     1.531 -1.85968e-05 -3.43698e-06  -4.4978e-09 -0.00297679  0.00273243         9.8
     1.536 -1.85968e-05 -3.43698e-06  -4.4978e-09 -0.00297679  0.00273243         9.8
     1.541 -1.85968e-05 -3.43698e-06  -4.4978e-09 -0.00297679  0.00273243         9.8
     1.546 -1.85968e-05 -3.43698e-06  -4.4978e-09 -0.00297679  0.00273243         9.8
     1.551 -1.85968e-05 -3.43698e-06  -4.4978e-09 -0.00297679  0.00273243         9.8
     1.556 -1.85968e-05 -3.43698e-06  -4.4978e-09 -0.00297679  0.00273243         9.8
     1.561 -1.85968e-05 -3.43698e-06  -4.4978e-09 -0.00297679  0.00273243         9.8
     1.566 -1.85968e-05 -3.43698e-06  -4.4978e-09 -0.00297679  0.00273243         9.8
     1.571 -1.85968e-05 -3.43698e-06  -4.4978e-09 -0.00297679  0.00273243         9.8
     1.576 -1.85968e-05 -3.43698e-06  -4.4978e-09 -0.00297679  0.00273243         9.8
     1.581 -1.85968e-05 -3.43698e-06  -4.4978e-09 -0.00297679  0.00273243         9.8
     1.586 -1.85968e-05 -3.43698e-06  -4.4978e-09 -0.00297679  0.00273243         9.8
     1.591 -1.85968e-05 -3.43698e-06  -4.4978e-09 -0.00297679  0.00273243         9.8
     1.596 -1.85968e-05 -3.43698e-06  -4.4978e-09 -0.00297679  0.00273243         9.8
     1.601 -1.85968e-05 -3.43698e-06  -4.4978e-09 -0.00297679  0.00273243         9.8
     1.606 -1.85968e-05 -3.43698e-06  -4.4978e-09 -0.00297679  0.00273243         9.8
     1.611 -1.85968e-05 -3.43698e-06  -4.4978e-09 -0.00297679  0.00273243         9.8
     1.616 -1.85968e-05 -3.43698e-06  -4.4978e-09 -0.00297679  0.00273243         9.8
     1.621 -1.85968e-05 -3.43698e-06  -4.4978e-09 -0.00297679  0.00273243         9.8
     1.626 -1.85968e-05 -3.43698e-06  -4.4978e-09 -0.00297679  0.00273243         9.8
     1.631 -1.85968e-05 -3.43698e-06  -4.4978e-09 -0.00297679  0.00273243         9.8
     1.636 -1.85968e-05 -3.43698e-06  -4.4978e-09 -0.00297679  0.00273243         9.8
     1.641 -1.85968e-05 -3.43698e-06  -4.4978e-09 -0.00297679  0.00273243         9.8
     1.646 -1.85968e-05 -3.43698e-06  -4.4978e-09 -0.00297679  0.00273243         9.8
     1.651 -1.85968e-05 -3.43698e-06  -4.4978e-09 -0.00297679  0.00273243         9.8
     1.656 -1.85968e-05 -3.43698e-06  -4.4978e-09 -0.00297679  0.00273243         9.8
     1.661 -1.85968e-05 -3.43698e-06  -4.4978e-09 -0.00297679  0.00273243         9.8
     1.666 -1.85968e-05 -3.43698e-06  -4.4978e-09 -0.00297679  0.00273243         9.8
     1.671 -1.85968e-05 -3.43698e-06  -4.4978e-09 -0.00297679  0.00273243         9.8
     1.676 -1.85968e-05 -3.43698e-06  -4.4978e-09 -0.00297679  0.00273243         9.8
     1.681 -1.85968e-05 -3.43698e-06  -4.4978e-09 -0.00297679  0.00273243         9.8
     1.686 -1.85968e-05 -3.43698e-06  -4.4978e-09 -0.00297679  0.00273243         9.8
     1.691 -1.85968e-05 -3.43698e-06  -4.4978e-09 -0.00297679  0.00273243         9.8
     1.696 -1.85968e-05 -3.43698e-06  -4.4978e-09 -0.00297679  0.00273243         9.8
     1.701 -1.85968e-05 -3.43698e-06  -4.4978e-09 -0.00297679  0.00273243         9.8
     1.706 -1.85968e-05 -3.43698e-06  -4.4978e-09 -0.00297679  0.00273243         9.8
     1.711 -1.85968e-05 -3.43698e-06  -4.4978e-09 -0.00297679  0.00273243         9.8
     1.716 -1.85968e-05 -3.43698e-06  -4.4978e-09 -0.00297679  0.00273243         9.8
     1.721 -1.85968e-05 -3.43698e-06  -4.4978e-09 -0.00297679  0.00273243         9.8
     1.726 -1.85968e-05 -3.43698e-06  -4.4978e-09 -0.00297679  0.00273243         9.8
     1.731 -1.85968e-05 -3.43698e-06  -4.4978e-09 -0.00297679  0.00273243         9.8
     1.736 -1.85968e-05 -3.43698e-06  -4.4978e-09 -0.00297679  0.00273243         9.8
     1.741 -1.85968e-05 -3.43698e-06  -4.4978e-09 -0.00297679  0.00273243         9.8
     1.746 -1.85968e-05 -3.43698e-06  -4.4978e-09 -0.00297679  0.00273243         9.8
     1.751 -1.85968e-05 -3.43698e-06  -4.4978e-09 -0.00297679  0.00273243         9.8
     1.756 -1.85968e-05 -3.43698e-06  -4.4978e-09 -0.00297679  0.00273243         9.8
     1.761 -1.85968e-05 -3.43698e-06  -4.4978e-09 -0.00297679  0.00273243         9.8
     1.766 -1.85968e-05 -3.43698e-06  -4.4978e-09 -0.00297679  0.00273243         9.8
     1.771 -1.85968e-05 -3.43698e-06  -4.4978e-09 -0.00297679  0.00273243         9.8
     1.776 -1.85968e-05 -3.43698e-06  -4.4978e-09 -0.00297679  0.00273243         9.8
     1.781 -1.85968e-05 -3.43698e-06  -4.4978e-09 -0.00297679  0.00273243         9.8
     1.786 -1.85968e-05 -3.43698e-06  -4.4978e-09 -0.00297679  0.00273243         9.8
     1.791 -1.85968e-05 -3.43698e-06  -4.4978e-09 -0.00297679  0.00273243         9.8
     1.796 -1.85968e-05 -3.43698e-06  -4.4978e-09 -0.00297679  0.00273243         9.8
     1.801 -1.85968e-05 -3.43698e-06  -4.4978e-09 -0.00297679  0.00273243         9.8
     1.806 -1.85968e-05 -3.43698e-06  -4.4978e-09 -0.00297679  0.00273243         9.8
     1.811 -1.85968e-05 -3.43698e-06  -4.4978e-09 -0.00297679  0.00273243         9.8
     1.816 -1.85968e-05 -3.43698e-06  -4.4978e-09 -0.00297679  0.00273243         9.8
     1.821 -1.85968e-05 -3.43698e-06  -4.4978e-09 -0.00297679  0.00273243         9.8
     1.826 -1.85968e-05 -3.43698e-06  -4.4978e-09 -0.00297679  0.00273243         9.8
     1.831 -1.85968e-05 -3.43698e-06  -4.4978e-09 -0.00297679  0.00273243         9.8
     1.836 -1.85968e-05 -3.43698e-06  -4.4978e-09 -0.00297679  0.00273243         9.8
     1.841 -1.85968e-05 -3.43698e-06  -4.4978e-09 -0.00297679  0.00273243         9.8
     1.846 -1.85968e-05 -3.43698e-06  -4.4978e-09 -0.00297679  0.00273243         9.8
     1.851 -1.85968e-05 -3.43698e-06  -4.4978e-09 -0.00297679  0.00273243         9.8
     1.856 -1.85968e-05 -3.43698e-06  -4.4978e-09 -0.00297679  0.00273243         9.8
     1.861 -1.85968e-05 -3.43698e-06  -4.4978e-09 -0.00297679  0.00273243         9.8
     1.866 -1.85968e-05 -3.43698e-06  -4.4978e-09 -0.00297679  0.00273243         9.8
     1.871 -1.85968e-05 -3.43698e-06  -4.4978e-09 -0.00297679  0.00273243         9.8
     1.876 -1.85968e-05 -3.43698e-06  -4.4978e-09 -0.00297679  0.00273243         9.8
     1.881 -1.85968e-05 -3.43698e-06  -4.4978e-09 -0.00297679  0.00273243         9.8
     1.886 -1.85968e-05 -3.43698e-06  -4.4978e-09 -0.00297679  0.00273243         9.8
     1.891 -1.85968e-05 -3.43698e-06  -4.4978e-09 -0.00297679  0.00273243         9.8
     1.896 -1.85968e-05 -3.43698e-06  -4.4978e-09 -0.00297679  0.00273243         9.8
     1.901 -1.85968e-05 -3.43698e-06  -4.4978e-09 -0.00297679  0.00273243         9.8
     1.906 -1.85968e-05 -3.43698e-06  -4.4978e-09 -0.00297679  0.00273243         9.8
     1.911 -1.85968e-05 -3.43698e-06  -4.4978e-09 -0.00297679  0.00273243         9.8
     1.916 -1.85968e-05 -3.43698e-06  -4.4978e-09 -0.00297679  0.00273243         9.8
     1.921 -1.85968e-05 -3.43698e-06  -4.4978e-09 -0.00297679  0.00273243         9.8
     1.926 -1.85968e-05 -3.43698e-06  -4.4978e-09 -0.00297679  0.00273243         9.8
     1.931 -1.85968e-05 -3.43698e-06  -4.4978e-09 -0.00297679  0.00273243         9.8
     1.936 -1.85968e-05 -3.43698e-06  -4.4978e-09 -0.00297679  0.00273243         9.8
     1.941 -1.85968e-05 -3.43698e-06  -4.4978e-09 -0.00297679  0.00273243         9.8
     1.946 -1.85968e-05 -3.43698e-06  -4.4978e-09 -0.00297679  0.00273243         9.8
     1.951 -1.85968e-05 -3.43698e-06  -4.4978e-09 -0.00297679  0.00273243         9.8
     1.956 -1.85968e-05 -3.43698e-06  -4.4978e-09 -0.00297679  0.00273243         9.8
     1.961 -1.85968e-05 -3.43698e-06  -4.4978e-09 -0.00297679  0.00273243         9.8
     1.966 -1.85968e-05 -3.43698e-06  -4.4978e-09 -0.00297679  0.00273243         9.8
     1.971 -1.85968e-05 -3.43698e-06  -4.4978e-09 -0.00297679  0.00273243         9.8
     1.976 -1.85968e-05 -3.43698e-06  -4.4978e-09 -0.00297679  0.00273243         9.8
     1.981 -1.85968e-05 -3.43698e-06  -4.4978e-09 -0.00297679  0.00273243         9.8
     1.986 -1.85968e-05 -3.43698e-06  -4.4978e-09 -0.00297679  0.00273243         9.8
     1.991 -1.85968e-05 -3.43698e-06  -4.4978e-09 -0.00297679  0.00273243         9.8
     1.996 -1.85968e-05 -3.43698e-06  -4.4978e-09 -0.00297679  0.00273243         9.8
     2.001 -1.85968e-05 -3.43698e-06  -4.4978e-09 -0.00297679  0.00273243         9.8
     2.006 -1.85968e-05 -3.43698e-06  -4.4978e-09 -0.00297679  0.00273243         9.8
     2.011 -1.85968e-05 -3.43698e-06  -4.4978e-09 -0.00297679  0.00273243         9.8
     2.016 -1.85968e-05 -3.43698e-06  -4.4978e-09 -0.00297679  0.00273243         9.8
     2.021 -1.85968e-05 -3.43698e-06  -4.4978e-09 -0.00297679  0.00273243         9.8
     2.026 -1.85968e-05 -3.43698e-06  -4.4978e-09 -0.00297679  0.00273243         9.8
     2.031 -1.85968e-05 -3.43698e-06  -4.4978e-09 -0.00297679  0.00273243         9.8
     2.036 -1.85968e-05 -3.43698e-06  -4.4978e-09 -0.00297679  0.00273243         9.8
     2.041 -1.85968e-05 -3.43698e-06  -4.4978e-09 -0.00297679  0.00273243         9.8
     2.046 -1.85968e-05 -3.43698e-06  -4.4978e-09 -0.00297679  0.00273243         9.8
     2.051 -1.85968e-05 -3.43698e-06  -4.4978e-09 -0.00297679  0.00273243         9.8
     2.056 -1.85968e-05 -3.43698e-06  -4.4978e-09 -0.00297679  0.00273243         9.8
     2.061 -1.85968e-05 -3.43698e-06  -4.4978e-09 -0.00297679  0.00273243         9.8
     2.066 -1.85968e-05 -3.43698e-06  -4.4978e-09 -0.00297679  0.00273243         9.8
     2.071 -1.85968e-05 -3.43698e-06  -4.4978e-09 -0.00297679  0.00273243         9.8
     2.076 -1.85968e-05 -3.43698e-06  -4.4978e-09 -0.00297679  0.00273243         9.8
     2.081 -1.85968e-05 -3.43698e-06  -4.4978e-09 -0.00297679  0.00273243         9.8
     2.086 -1.85968e-05 -3.43698e-06  -4.4978e-09 -0.00297679  0.00273243         9.8
     2.091 -1.85968e-05 -3.43698e-06  -4.4978e-09 -0.00297679  0.00273243         9.8
     2.096 -1.85968e-05 -3.43698e-06  -4.4978e-09 -0.00297679  0.00273243         9.8
     2.101 -1.85968e-05 -3.43698e-06  -4.4978e-09 -0.00297679  0.00273243         9.8
     2.106 -1.85968e-05 -3.43698e-06  -4.4978e-09 -0.00297679  0.00273243         9.8
     2.111 -1.85968e-05 -3.43698e-06  -4.4978e-09 -0.00297679  0.00273243         9.8
     2.116 -1.85968e-05 -3.43698e-06  -4.4978e-09 -0.00297679  0.00273243         9.8
     2.121 -1.85968e-05 -3.43698e-06  -4.4978e-09 -0.00297679  0.00273243         9.8
     2.126 -1.85968e-05 -3.43698e-06  -4.4978e-09 -0.00297679  0.00273243         9.8
     2.131 -1.85968e-05 -3.43698e-06  -4.4978e-09 -0.00297679  0.00273243         9.8
     2.136 -1.85968e-05 -3.43698e-06  -4.4978e-09 -0.00297679  0.00273243         9.8
     2.141 -1.85968e-05 -3.43698e-06  -4.4978e-09 -0.00297679  0.00273243         9.8
     2.146 -1.85968e-05 -3.43698e-06  -4.4978e-09 -0.00297679  0.00273243         9.8
     2.151 -1.85968e-05 -3.43698e-06  -4.4978e-09 -0.00297679  0.00273243         9.8
     2.156 -1.85968e-05 -3.43698e-06  -4.4978e-09 -0.00297679  0.00273243         9.8
     2.161 -1.85968e-05 -3.43698e-06  -4.4978e-09 -0.00297679  0.00273243         9.8
     2.166 -1.85968e-05 -3.43698e-06  -4.4978e-09 -0.00297679  0.00273243         9.8
     2.171 -1.85968e-05 -3.43698e-06  -4.4978e-09 -0.00297679  0.00273243         9.8
     2.176 -1.85968e-05 -3.43698e-06  -4.4978e-09 -0.00297679  0.00273243         9.8
     2.181 -1.85968e-05 -3.43698e-06  -4.4978e-09 -0.00297679  0.00273243         9.8
     2.186 -1.85968e-05 -3.43698e-06  -4.4978e-09 -0.00297679  0.00273243         9.8
     2.191 -1.85968e-05 -3.43698e-06  -4.4978e-09 -0.00297679  0.00273243         9.8
     2.196 -1.85968e-05 -3.43698e-06  -4.4978e-09 -0.00297679  0.00273243         9.8
     2.201 -1.85968e-05 -3.43698e-06  -4.4978e-09 -0.00297679  0.00273243         9.8
     2.206 -1.85968e-05 -3.43698e-06  -4.4978e-09 -0.00297679  0.00273243         9.8
     2.211 -1.85968e-05 -3.43698e-06  -4.4978e-09 -0.00297679  0.00273243         9.8
     2.216 -1.85968e-05 -3.43698e-06  -4.4978e-09 -0.00297679  0.00273243         9.8
     2.221 -1.85968e-05 -3.43698e-06  -4.4978e-09 -0.00297679  0.00273243         9.8
     2.226 -1.85968e-05 -3.43698e-06  -4.4978e-09 -0.00297679  0.00273243         9.8
     2.231 -1.85968e-05 -3.43698e-06  -4.4978e-09 -0.00297679  0.00273243         9.8
     2.236 -1.85968e-05 -3.43698e-06  -4.4978e-09 -0.00297679  0.00273243         9.8
     2.241 -1.85968e-05 -3.43698e-06  -4.4978e-09 -0.00297679  0.00273243         9.8
     2.246 -1.85968e-05 -3.43698e-06  -4.4978e-09 -0.00297679  0.00273243         9.8
     2.251 -1.85968e-05 -3.43698e-06  -4.4978e-09 -0.00297679  0.00273243         9.8
     2.256 -1.85968e-05 -3.43698e-06  -4.4978e-09 -0.00297679  0.00273243         9.8
     2.261 -1.85968e-05 -3.43698e-06  -4.4978e-09 -0.00297679  0.00273243         9.8
     2.266 -1.85968e-05 -3.43698e-06  -4.4978e-09 -0.00297679  0.00273243         9.8
     2.271 -1.85968e-05 -3.43698e-06  -4.4978e-09 -0.00297679  0.00273243         9.8
     2.276 -1.85968e-05 -3.43698e-06  -4.4978e-09 -0.00297679  0.00273243         9.8
     2.281 -1.85968e-05 -3.43698e-06  -4.4978e-09 -0.00297679  0.00273243         9.8
     2.286 -1.85968e-05 -3.43698e-06  -4.4978e-09 -0.00297679  0.00273243         9.8
     2.291 -1.85968e-05 -3.43698e-06  -4.4978e-09 -0.00297679  0.00273243         9.8
     2.296 -1.85968e-05 -3.43698e-06  -4.4978e-09 -0.00297679  0.00273243         9.8
     2.301 -1.85968e-05 -3.43698e-06  -4.4978e-09 -0.00297679  0.00273243         9.8
     2.306 -1.85968e-05 -3.43698e-06  -4.4978e-09 -0.00297679  0.00273243         9.8
     2.311 -1.85968e-05 -3.43698e-06  -4.4978e-09 -0.00297679  0.00273243         9.8
     2.316 -1.85968e-05 -3.43698e-06  -4.4978e-09 -0.00297679  0.00273243         9.8
     2.321 -1.85968e-05 -3.43698e-06  -4.4978e-09 -0.00297679  0.00273243         9.8
     2.326 -1.85968e-05 -3.43698e-06  -4.4978e-09 -0.00297679  0.00273243         9.8
     2.331 -1.85968e-05 -3.43698e-06  -4.4978e-09 -0.00297679  0.00273243         9.8
     2.336 -1.85968e-05 -3.43698e-06  -4.4978e-09 -0.00297679  0.00273243         9.8
     2.341 -1.85968e-05 -3.43698e-06  -4.4978e-09 -0.00297679  0.00273243         9.8
     2.346 -1.85968e-05 -3.43698e-06  -4.4978e-09 -0.00297679  0.00273243         9.8
     2.351 -1.85968e-05 -3.43698e-06  -4.4978e-09 -0.00297679  0.00273243         9.8
     2.356 -1.85968e-05 -3.43698e-06  -4.4978e-09 -0.00297679  0.00273243         9.8
     2.361 -1.85968e-05 -3.43698e-06  -4.4978e-09 -0.00297679  0.00273243         9.8
     2.366 -1.85968e-05 -3.43698e-06  -4.4978e-09 -0.00297679  0.00273243         9.8
     2.371 -1.85968e-05 -3.43698e-06  -4.4978e-09 -0.00297679  0.00273243         9.8
     2.376 -1.85968e-05 -3.43698e-06  -4.4978e-09 -0.00297679  0.00273243         9.8
     2.381 -1.85968e-05 -3.43698e-06  -4.4978e-09 -0.00297679  0.00273243         9.8
     2.386 -1.85968e-05 -3.43698e-06  -4.4978e-09 -0.00297679  0.00273243         9.8
     2.391 -1.85968e-05 -3.43698e-06  -4.4978e-09 -0.00297679  0.00273243         9.8
     2.396 -1.85968e-05 -3.43698e-06  -4.4978e-09 -0.00297679  0.00273243         9.8
     2.401 -1.85968e-05 -3.43698e-06  -4.4978e-09 -0.00297679  0.00273243         9.8
     2.406 -1.85968e-05 -3.43698e-06  -4.4978e-09 -0.00297679  0.00273243         9.8
     2.411 -1.85968e-05 -3.43698e-06  -4.4978e-09 -0.00297679  0.00273243         9.8
     2.416 -1.85968e-05 -3.43698e-06  -4.4978e-09 -0.00297679  0.00273243         9.8
     2.421 -1.85968e-05 -3.43698e-06  -4.4978e-09 -0.00297679  0.00273243         9.8
     2.426 -1.85968e-05 -3.43698e-06  -4.4978e-09 -0.00297679  0.00273243         9.8
     2.431 -1.85968e-05 -3.43698e-06  -4.4978e-09 -0.00297679  0.00273243         9.8
     2.436 -1.85968e-05 -3.43698e-06  -4.4978e-09 -0.00297679  0.00273243         9.8
     2.441 -1.85968e-05 -3.43698e-06  -4.4978e-09 -0.00297679  0.00273243         9.8
     2.446 -1.85968e-05 -3.43698e-06  -4.4978e-09 -0.00297679  0.00273243         9.8
     2.451 -1.85968e-05 -3.43698e-06  -4.4978e-09 -0.00297679  0.00273243         9.8
     2.456 -1.85968e-05 -3.43698e-06  -4.4978e-09 -0.00297679  0.00273243         9.8
     2.461 -1.85968e-05 -3.43698e-06  -4.4978e-09 -0.00297679  0.00273243         9.8
     2.466 -1.85968e-05 -3.43698e-06  -4.4978e-09 -0.00297679  0.00273243         9.8
     2.471 -1.85968e-05 -3.43698e-06  -4.4978e-09 -0.00297679  0.00273243         9.8
     2.476 -1.85968e-05 -3.43698e-06  -4.4978e-09 -0.00297679  0.00273243         9.8
     2.481 -1.85968e-05 -3.43698e-06  -4.4978e-09 -0.00297679  0.00273243         9.8
     2.486 -1.85968e-05 -3.43698e-06  -4.4978e-09 -0.00297679  0.00273243         9.8
     2.491 -1.85968e-05 -3.43698e-06  -4.4978e-09 -0.00297679  0.00273243         9.8
     2.496 -1.85968e-05 -3.43698e-06  -4.4978e-09 -0.00297679  0.00273243         9.8
     2.501 -1.85968e-05 -3.43698e-06  -4.4978e-09 -0.00297679  0.00273243         9.8
     2.506 -1.85968e-05 -3.43698e-06  -4.4978e-09 -0.00297679  0.00273243         9.8
     2.511 -1.85968e-05 -3.43698e-06  -4.4978e-09 -0.00297679  0.00273243         9.8
     2.516 -1.85968e-05 -3.43698e-06  -4.4978e-09 -0.00297679  0.00273243         9.8
     2.521 -1.85968e-05 -3.43698e-06  -4.4978e-09 -0.00297679  0.00273243         9.8
     2.526 -1.85968e-05 -3.43698e-06  -4.4978e-09 -0.00297679  0.00273243         9.8
     2.531 -1.85968e-05 -3.43698e-06  -4.4978e-09 -0.00297679  0.00273243         9.8
     2.536 -1.85968e-05 -3.43698e-06  -4.4978e-09 -0.00297679  0.00273243         9.8
     2.541 -1.85968e-05 -3.43698e-06  -4.4978e-09 -0.00297679  0.00273243         9.8
     2.546 -1.85968e-05 -3.43698e-06  -4.4978e-09 -0.00297679  0.00273243         9.8
     2.551 -1.85968e-05 -3.43698e-06  -4.4978e-09 -0.00297679  0.00273243         9.8
     2.556 -1.85968e-05 -3.43698e-06  -4.4978e-09 -0.00297679  0.00273243         9.8
     2.561 -1.85968e-05 -3.43698e-06  -4.4978e-09 -0.00297679  0.00273243         9.8
     2.566 -1.85968e-05 -3.43698e-06  -4.4978e-09 -0.00297679  0.00273243         9.8
     2.571 -1.85968e-05 -3.43698e-06  -4.4978e-09 -0.00297679  0.00273243         9.8
     2.576 -1.85968e-05 -3.43698e-06  -4.4978e-09 -0.00297679  0.00273243         9.8
     2.581 -1.85968e-05 -3.43698e-06  -4.4978e-09 -0.00297679  0.00273243         9.8
     2.586 -1.85968e-05 -3.43698e-06  -4.4978e-09 -0.00297679  0.00273243         9.8
     2.591 -1.85968e-05 -3.43698e-06  -4.4978e-09 -0.00297679  0.00273243         9.8
     2.596 -1.85968e-05 -3.43698e-06  -4.4978e-09 -0.00297679  0.00273243         9.8
     2.601 -1.85968e-05 -3.43698e-06  -4.4978e-09 -0.00297679  0.00273243         9.8
     2.606 -1.85968e-05 -3.43698e-06  -4.4978e-09 -0.00297679  0.00273243         9.8
     2.611 -1.85968e-05 -3.43698e-06  -4.4978e-09 -0.00297679  0.00273243         9.8
     2.616 -1.85968e-05 -3.43698e-06  -4.4978e-09 -0.00297679  0.00273243         9.8
     2.621 -1.85968e-05 -3.43698e-06  -4.4978e-09 -0.00297679  0.00273243         9.8
     2.626 -1.85968e-05 -3.43698e-06  -4.4978e-09 -0.00297679  0.00273243         9.8
     2.631 -1.85968e-05 -3.43698e-06  -4.4978e-09 -0.00297679  0.00273243         9.8
     2.636 -1.85968e-05 -3.43698e-06  -4.4978e-09 -0.00297679  0.00273243         9.8
     2.641 -1.85968e-05 -3.43698e-06  -4.4978e-09 -0.00297679  0.00273243         9.8
     2.646 -1.85968e-05 -3.43698e-06  -4.4978e-09 -0.00297679  0.00273243         9.8
     2.651 -1.85968e-05 -3.43698e-06  -4.4978e-09 -0.00297679  0.00273243         9.8
     2.656 -1.85968e-05 -3.43698e-06  -4.4978e-09 -0.00297679  0.00273243         9.8
     2.661 -1.85968e-05 -3.43698e-06  -4.4978e-09 -0.00297679  0.00273243         9.8
     2.666 -1.85968e-05 -3.43698e-06  -4.4978e-09 -0.00297679  0.00273243         9.8
     2.671 -1.85968e-05 -3.43698e-06  -4.4978e-09 -0.00297679  0.00273243         9.8
     2.676 -1.85968e-05 -3.43698e-06  -4.4978e-09 -0.00297679  0.00273243         9.8
     2.681 -1.85968e-05 -3.43698e-06  -4.4978e-09 -0.00297679  0.00273243         9.8
     2.686 -1.85968e-05 -3.43698e-06  -4.4978e-09 -0.00297679  0.00273243         9.8
     2.691 -1.85968e-05 -3.43698e-06  -4.4978e-09 -0.00297679  0.00273243         9.8
     2.696 -1.85968e-05 -3.43698e-06  -4.4978e-09 -0.00297679  0.00273243         9.8
     2.701 -1.85968e-05 -3.43698e-06  -4.4978e-09 -0.00297679  0.00273243         9.8
     2.706 -1.85968e-05 -3.43698e-06  -4.4978e-09 -0.00297679  0.00273243         9.8
     2.711 -1.85968e-05 -3.43698e-06  -4.4978e-09 -0.00297679  0.00273243         9.8
     2.716 -1.85968e-05 -3.43698e-06  -4.4978e-09 -0.00297679  0.00273243         9.8
     2.721 -1.85968e-05 -3.43698e-06  -4.4978e-09 -0.00297679  0.00273243         9.8
     2.726 -1.85968e-05 -3.43698e-06  -4.4978e-09 -0.00297679  0.00273243         9.8
     2.731 -1.85968e-05 -3.43698e-06  -4.4978e-09 -0.00297679  0.00273243         9.8
     2.736 -1.85968e-05 -3.43698e-06  -4.4978e-09 -0.00297679  0.00273243         9.8
     2.741 -1.85968e-05 -3.43698e-06  -4.4978e-09 -0.00297679  0.00273243         9.8
     2.746 -1.85968e-05 -3.43698e-06  -4.4978e-09 -0.00297679  0.00273243         9.8
     2.751 -1.85968e-05 -3.43698e-06  -4.4978e-09 -0.00297679  0.00273243         9.8
     2.756 -1.85968e-05 -3.43698e-06  -4.4978e-09 -0.00297679  0.00273243         9.8
     2.761 -1.85968e-05 -3.43698e-06  -4.4978e-09 -0.00297679  0.00273243         9.8
     2.766 -1.85968e-05 -3.43698e-06  -4.4978e-09 -0.00297679  0.00273243         9.8
     2.771 -1.85968e-05 -3.43698e-06  -4.4978e-09 -0.00297679  0.00273243         9.8
     2.776 -1.85968e-05 -3.43698e-06  -4.4978e-09 -0.00297679  0.00273243         9.8
     2.781 -1.85968e-05 -3.43698e-06  -4.4978e-09 -0.00297679  0.00273243         9.8
     2.786 -1.85968e-05 -3.43698e-06  -4.4978e-09 -0.00297679  0.00273243         9.8
     2.791 -1.85968e-05 -3.43698e-06  -4.4978e-09 -0.00297679  0.00273243         9.8
     2.796 -1.85968e-05 -3.43698e-06  -4.4978e-09 -0.00297679  0.00273243         9.8
     2.801 -1.85968e-05 -3.43698e-06  -4.4978e-09 -0.00297679  0.00273243         9.8
     2.806 -1.85968e-05 -3.43698e-06  -4.4978e-09 -0.00297679  0.00273243         9.8
     2.811 -1.85968e-05 -3.43698e-06  -4.4978e-09 -0.00297679  0.00273243         9.8
     2.816 -1.85968e-05 -3.43698e-06  -4.4978e-09 -0.00297679  0.00273243         9.8
     2.821 -1.85968e-05 -3.43698e-06  -4.4978e-09 -0.00297679  0.00273243         9.8
     2.826 -1.85968e-05 -3.43698e-06  -4.4978e-09 -0.00297679  0.00273243         9.8
     2.831 -1.85968e-05 -3.43698e-06  -4.4978e-09 -0.00297679  0.00273243         9.8
     2.836 -1.85968e-05 -3.43698e-06  -4.4978e-09 -0.00297679  0.00273243         9.8
     2.841 -1.85968e-05 -3.43698e-06  -4.4978e-09 -0.00297679  0.00273243         9.8
     2.846 -1.85968e-05 -3.43698e-06  -4.4978e-09 -0.00297679  0.00273243         9.8
     2.851 -1.85968e-05 -3.43698e-06  -4.4978e-09 -0.00297679  0.00273243         9.8
     2.856 -1.85968e-05 -3.43698e-06  -4.4978e-09 -0.00297679  0.00273243         9.8
     2.861 -1.85968e-05 -3.43698e-06  -4.4978e-09 -0.00297679  0.00273243         9.8
     2.866 -1.85968e-05 -3.43698e-06  -4.4978e-09 -0.00297679  0.00273243         9.8
     2.871 -1.85968e-05 -3.43698e-06  -4.4978e-09 -0.00297679  0.00273243         9.8
     2.876 -1.85968e-05 -3.43698e-06  -4.4978e-09 -0.00297679  0.00273243         9.8
     2.881 -1.85968e-05 -3.43698e-06  -4.4978e-09 -0.00297679  0.00273243         9.8
     2.886 -1.85968e-05 -3.43698e-06  -4.4978e-09 -0.00297679  0.00273243         9.8
     2.891 -1.85968e-05 -3.43698e-06  -4.4978e-09 -0.00297679  0.00273243         9.8
     2.896 -1.85968e-05 -3.43698e-06  -4.4978e-09 -0.00297679  0.00273243         9.8
     2.901 -1.85968e-05 -3.43698e-06  -4.4978e-09 -0.00297679  0.00273243         9.8
     2.906 -1.85968e-05 -3.43698e-06  -4.4978e-09 -0.00297679  0.00273243         9.8
     2.911 -1.85968e-05 -3.43698e-06  -4.4978e-09 -0.00297679  0.00273243         9.8
     2.916 -1.85968e-05 -3.43698e-06  -4.4978e-09 -0.00297679  0.00273243         9.8
     2.921 -1.85968e-05 -3.43698e-06  -4.4978e-09 -0.00297679  0.00273243         9.8
     2.926 -1.85968e-05 -3.43698e-06  -4.4978e-09 -0.00297679  0.00273243         9.8
     2.931 -1.85968e-05 -3.43698e-06  -4.4978e-09 -0.00297679  0.00273243         9.8
     2.936 -1.85968e-05 -3.43698e-06  -4.4978e-09 -0.00297679  0.00273243         9.8
     2.941 -1.85968e-05 -3.43698e-06  -4.4978e-09 -0.00297679  0.00273243         9.8
     2.946 -1.85968e-05 -3.43698e-06  -4.4978e-09 -0.00297679  0.00273243         9.8
     2.951 -1.85968e-05 -3.43698e-06  -4.4978e-09 -0.00297679  0.00273243         9.8
     2.956 -1.85968e-05 -3.43698e-06  -4.4978e-09 -0.00297679  0.00273243         9.8
     2.961 -1.85968e-05 -3.43698e-06  -4.4978e-09 -0.00297679  0.00273243         9.8
     2.966 -1.85968e-05 -3.43698e-06  -4.4978e-09 -0.00297679  0.00273243         9.8
     2.971 -1.85968e-05 -3.43698e-06  -4.4978e-09 -0.00297679  0.00273243         9.8
     2.976 -1.85968e-05 -3.43698e-06  -4.4978e-09 -0.00297679  0.00273243         9.8
     2.981 -1.85968e-05 -3.43698e-06  -4.4978e-09 -0.00297679  0.00273243         9.8
     2.986 -1.85968e-05 -3.43698e-06  -4.4978e-09 -0.00297679  0.00273243         9.8
     2.991 -1.85968e-05 -3.43698e-06  -4.4978e-09 -0.00297679  0.00273243         9.8
     2.996 -1.85968e-05 -3.43698e-06  -4.4978e-09 -0.00297679  0.00273243         9.8
     3.001 -1.85968e-05 -3.43698e-06  -4.4978e-09 -0.00297679  0.00273243         9.8
     3.006 -1.85968e-05 -3.43698e-06  -4.4978e-09 -0.00297679  0.00273243         9.8
     3.011 -1.85968e-05 -3.43698e-06  -4.4978e-09 -0.00297679  0.00273243         9.8
     3.016 -1.85968e-05 -3.43698e-06  -4.4978e-09 -0.00297679  0.00273243         9.8
     3.021 -1.85968e-05 -3.43698e-06  -4.4978e-09 -0.00297679  0.00273243         9.8
     3.026 -1.85968e-05 -3.43698e-06  -4.4978e-09 -0.00297679  0.00273243         9.8
     3.031 -1.85968e-05 -3.43698e-06  -4.4978e-09 -0.00297679  0.00273243         9.8
     3.036 -1.85968e-05 -3.43698e-06  -4.4978e-09 -0.00297679  0.00273243         9.8
     3.041 -1.85968e-05 -3.43698e-06  -4.4978e-09 -0.00297679  0.00273243         9.8
     3.046 -1.85968e-05 -3.43698e-06  -4.4978e-09 -0.00297679  0.00273243         9.8
     3.051 -1.85968e-05 -3.43698e-06  -4.4978e-09 -0.00297679  0.00273243         9.8
     3.056 -1.85968e-05 -3.43698e-06  -4.4978e-09 -0.00297679  0.00273243         9.8
     3.061 -1.85968e-05 -3.43698e-06  -4.4978e-09 -0.00297679  0.00273243         9.8
     3.066 -1.85968e-05 -3.43698e-06  -4.4978e-09 -0.00297679  0.00273243         9.8
     3.071 -1.85968e-05 -3.43698e-06  -4.4978e-09 -0.00297679  0.00273243         9.8
     3.076 -1.85968e-05 -3.43698e-06  -4.4978e-09 -0.00297679  0.00273243         9.8
     3.081 -1.85968e-05 -3.43698e-06  -4.4978e-09 -0.00297679  0.00273243         9.8
     3.086 -1.85968e-05 -3.43698e-06  -4.4978e-09 -0.00297679  0.00273243         9.8
     3.091 -1.85968e-05 -3.43698e-06  -4.4978e-09 -0.00297679  0.00273243         9.8
     3.096 -1.85968e-05 -3.43698e-06  -4.4978e-09 -0.00297679  0.00273243         9.8
     3.101 -1.85968e-05 -3.43698e-06  -4.4978e-09 -0.00297679  0.00273243         9.8
     3.106 -1.85968e-05 -3.43698e-06  -4.4978e-09 -0.00297679  0.00273243         9.8
     3.111 -1.85968e-05 -3.43698e-06  -4.4978e-09 -0.00297679  0.00273243         9.8
     3.116 -1.85968e-05 -3.43698e-06  -4.4978e-09 -0.00297679  0.00273243         9.8
     3.121 -1.85968e-05 -3.43698e-06  -4.4978e-09 -0.00297679  0.00273243         9.8
     3.126 -1.85968e-05 -3.43698e-06  -4.4978e-09 -0.00297679  0.00273243         9.8
     3.131 -1.85968e-05 -3.43698e-06  -4.4978e-09 -0.00297679  0.00273243         9.8
     3.136 -1.85968e-05 -3.43698e-06  -4.4978e-09 -0.00297679  0.00273243         9.8
     3.141 -1.85968e-05 -3.43698e-06  -4.4978e-09 -0.00297679  0.00273243         9.8
     3.146 -1.85968e-05 -3.43698e-06  -4.4978e-09 -0.00297679  0.00273243         9.8
     3.151 -1.85968e-05 -3.43698e-06  -4.4978e-09 -0.00297679  0.00273243         9.8
     3.156 -1.85968e-05 -3.43698e-06  -4.4978e-09 -0.00297679  0.00273243         9.8
     3.161 -1.85968e-05 -3.43698e-06  -4.4978e-09 -0.00297679  0.00273243         9.8
     3.166 -1.85968e-05 -3.43698e-06  -4.4978e-09 -0.00297679  0.00273243         9.8
     3.171 -1.85968e-05 -3.43698e-06  -4.4978e-09 -0.00297679  0.00273243         9.8
     3.176 -1.85968e-05 -3.43698e-06  -4.4978e-09 -0.00297679  0.00273243         9.8
     3.181 -1.85968e-05 -3.43698e-06  -4.4978e-09 -0.00297679  0.00273243         9.8
     3.186 -1.85968e-05 -3.43698e-06  -4.4978e-09 -0.00297679  0.00273243         9.8
     3.191 -1.85968e-05 -3.43698e-06  -4.4978e-09 -0.00297679  0.00273243         9.8
     3.196 -1.85968e-05 -3.43698e-06  -4.4978e-09 -0.00297679  0.00273243         9.8
     3.201 -1.85968e-05 -3.43698e-06  -4.4978e-09 -0.00297679  0.00273243         9.8
     3.206 -1.85968e-05 -3.43698e-06  -4.4978e-09 -0.00297679  0.00273243         9.8
     3.211 -1.85968e-05 -3.43698e-06  -4.4978e-09 -0.00297679  0.00273243         9.8
     3.216 -1.85968e-05 -3.43698e-06  -4.4978e-09 -0.00297679  0.00273243         9.8
     3.221 -1.85968e-05 -3.43698e-06  -4.4978e-09 -0.00297679  0.00273243         9.8
     3.226 -1.85968e-05 -3.43698e-06  -4.4978e-09 -0.00297679  0.00273243         9.8
     3.231 -1.85968e-05 -3.43698e-06  -4.4978e-09 -0.00297679  0.00273243         9.8
     3.236 -1.85968e-05 -3.43698e-06  -4.4978e-09 -0.00297679  0.00273243         9.8
     3.241 -1.85968e-05 -3.43698e-06  -4.4978e-09 -0.00297679  0.00273243         9.8
     3.246 -1.85968e-05 -3.43698e-06  -4.4978e-09 -0.00297679  0.00273243         9.8
     3.251 -1.85968e-05 -3.43698e-06  -4.4978e-09 -0.00297679  0.00273243         9.8
     3.256 -1.85968e-05 -3.43698e-06  -4.4978e-09 -0.00297679  0.00273243         9.8
     3.261 -1.85968e-05 -3.43698e-06  -4.4978e-09 -0.00297679  0.00273243         9.8
     3.266 -1.85968e-05 -3.43698e-06  -4.4978e-09 -0.00297679  0.00273243         9.8
     3.271 -1.85968e-05 -3.43698e-06  -4.4978e-09 -0.00297679  0.00273243         9.8
     3.276 -1.85968e-05 -3.43698e-06  -4.4978e-09 -0.00297679  0.00273243         9.8
     3.281 -1.85968e-05 -3.43698e-06  -4.4978e-09 -0.00297679  0.00273243         9.8
     3.286 -1.85968e-05 -3.43698e-06  -4.4978e-09 -0.00297679  0.00273243         9.8
     3.291 -1.85968e-05 -3.43698e-06  -4.4978e-09 -0.00297679  0.00273243         9.8
     3.296 -1.85968e-05 -3.43698e-06  -4.4978e-09 -0.00297679  0.00273243         9.8
     3.301 -1.85968e-05 -3.43698e-06  -4.4978e-09 -0.00297679  0.00273243         9.8
     3.306 -1.85968e-05 -3.43698e-06  -4.4978e-09 -0.00297679  0.00273243         9.8
     3.311 -1.85968e-05 -3.43698e-06  -4.4978e-09 -0.00297679  0.00273243         9.8
     3.316 -1.85968e-05 -3.43698e-06  -4.4978e-09 -0.00297679  0.00273243         9.8
     3.321 -1.85968e-05 -3.43698e-06  -4.4978e-09 -0.00297679  0.00273243         9.8
     3.326 -1.85968e-05 -3.43698e-06  -4.4978e-09 -0.00297679  0.00273243         9.8
     3.331 -1.85968e-05 -3.43698e-06  -4.4978e-09 -0.00297679  0.00273243         9.8
     3.336 -1.85968e-05 -3.43698e-06  -4.4978e-09 -0.00297679  0.00273243         9.8
     3.341 -1.85968e-05 -3.43698e-06  -4.4978e-09 -0.00297679  0.00273243         9.8
     3.346 -1.85968e-05 -3.43698e-06  -4.4978e-09 -0.00297679  0.00273243         9.8
     3.351 -1.85968e-05 -3.43698e-06  -4.4978e-09 -0.00297679  0.00273243         9.8
     3.356 -1.85968e-05 -3.43698e-06  -4.4978e-09 -0.00297679  0.00273243         9.8
     3.361 -1.85968e-05 -3.43698e-06  -4.4978e-09 -0.00297679  0.00273243         9.8
     3.366 -1.85968e-05 -3.43698e-06  -4.4978e-09 -0.00297679  0.00273243         9.8
     3.371 -1.85968e-05 -3.43698e-06  -4.4978e-09 -0.00297679  0.00273243         9.8
     3.376 -1.85968e-05 -3.43698e-06  -4.4978e-09 -0.00297679  0.00273243         9.8
     3.381 -1.85968e-05 -3.43698e-06  -4.4978e-09 -0.00297679  0.00273243         9.8
     3.386 -1.85968e-05 -3.43698e-06  -4.4978e-09 -0.00297679  0.00273243         9.8
     3.391 -1.85968e-05 -3.43698e-06  -4.4978e-09 -0.00297679  0.00273243         9.8
     3.396 -1.85968e-05 -3.43698e-06  -4.4978e-09 -0.00297679  0.00273243         9.8
     3.401 -1.85968e-05 -3.43698e-06  -4.4978e-09 -0.00297679  0.00273243         9.8
     3.406 -1.85968e-05 -3.43698e-06  -4.4978e-09 -0.00297679  0.00273243         9.8
     3.411 -1.85968e-05 -3.43698e-06  -4.4978e-09 -0.00297679  0.00273243         9.8
     3.416 -1.85968e-05 -3.43698e-06  -4.4978e-09 -0.00297679  0.00273243         9.8
     3.421 -1.85968e-05 -3.43698e-06  -4.4978e-09 -0.00297679  0.00273243         9.8
     3.426 -1.85968e-05 -3.43698e-06  -4.4978e-09 -0.00297679  0.00273243         9.8
     3.431 -1.85968e-05 -3.43698e-06  -4.4978e-09 -0.00297679  0.00273243         9.8
     3.436 -1.85968e-05 -3.43698e-06  -4.4978e-09 -0.00297679  0.00273243         9.8
     3.441 -1.85968e-05 -3.43698e-06  -4.4978e-09 -0.00297679  0.00273243         9.8
     3.446 -1.85968e-05 -3.43698e-06  -4.4978e-09 -0.00297679  0.00273243         9.8
     3.451 -1.85968e-05 -3.43698e-06  -4.4978e-09 -0.00297679  0.00273243         9.8
     3.456 -1.85968e-05 -3.43698e-06  -4.4978e-09 -0.00297679  0.00273243         9.8
     3.461 -1.85968e-05 -3.43698e-06  -4.4978e-09 -0.00297679  0.00273243         9.8
     3.466 -1.85968e-05 -3.43698e-06  -4.4978e-09 -0.00297679  0.00273243         9.8
     3.471 -1.85968e-05 -3.43698e-06  -4.4978e-09 -0.00297679  0.00273243         9.8
     3.476 -1.85968e-05 -3.43698e-06  -4.4978e-09 -0.00297679  0.00273243         9.8
     3.481 -1.85968e-05 -3.43698e-06  -4.4978e-09 -0.00297679  0.00273243         9.8
     3.486 -1.85968e-05 -3.43698e-06  -4.4978e-09 -0.00297679  0.00273243         9.8
     3.491 -1.85968e-05 -3.43698e-06  -4.4978e-09 -0.00297679  0.00273243         9.8
     3.496 -1.85968e-05 -3.43698e-06  -4.4978e-09 -0.00297679  0.00273243         9.8
     3.501 -1.85968e-05 -3.43698e-06  -4.4978e-09 -0.00297679  0.00273243         9.8
     3.506 -1.85968e-05 -3.43698e-06  -4.4978e-09 -0.00297679  0.00273243         9.8
     3.511 -1.85968e-05 -3.43698e-06  -4.4978e-09 -0.00297679  0.00273243         9.8
     3.516 -1.85968e-05 -3.43698e-06  -4.4978e-09 -0.00297679  0.00273243         9.8
     3.521 -1.85968e-05 -3.43698e-06  -4.4978e-09 -0.00297679  0.00273243         9.8
     3.526 -1.85968e-05 -3.43698e-06  -4.4978e-09 -0.00297679  0.00273243         9.8
     3.531 -1.85968e-05 -3.43698e-06  -4.4978e-09 -0.00297679  0.00273243         9.8
     3.536 -1.85968e-05 -3.43698e-06  -4.4978e-09 -0.00297679  0.00273243         9.8
     3.541 -1.85968e-05 -3.43698e-06  -4.4978e-09 -0.00297679  0.00273243         9.8
     3.546 -1.85968e-05 -3.43698e-06  -4.4978e-09 -0.00297679  0.00273243         9.8
     3.551 -1.85968e-05 -3.43698e-06  -4.4978e-09 -0.00297679  0.00273243         9.8
     3.556 -1.85968e-05 -3.43698e-06  -4.4978e-09 -0.00297679  0.00273243         9.8
     3.561 -1.85968e-05 -3.43698e-06  -4.4978e-09 -0.00297679  0.00273243         9.8
     3.566 -1.85968e-05 -3.43698e-06  -4.4978e-09 -0.00297679  0.00273243         9.8
     3.571 -1.85968e-05 -3.43698e-06  -4.4978e-09 -0.00297679  0.00273243         9.8
     3.576 -1.85968e-05 -3.43698e-06  -4.4978e-09 -0.00297679  0.00273243         9.8
     3.581 -1.85968e-05 -3.43698e-06  -4.4978e-09 -0.00297679  0.00273243         9.8
     3.586 -1.85968e-05 -3.43698e-06  -4.4978e-09 -0.00297679  0.00273243         9.8
     3.591 -1.85968e-05 -3.43698e-06  -4.4978e-09 -0.00297679  0.00273243         9.8
     3.596 -1.85968e-05 -3.43698e-06  -4.4978e-09 -0.00297679  0.00273243         9.8
     3.601 -1.85968e-05 -3.43698e-06  -4.4978e-09 -0.00297679  0.00273243         9.8
     3.606 -1.85968e-05 -3.43698e-06  -4.4978e-09 -0.00297679  0.00273243         9.8
     3.611 -1.85968e-05 -3.43698e-06  -4.4978e-09 -0.00297679  0.00273243         9.8
     3.616 -1.85968e-05 -3.43698e-06  -4.4978e-09 -0.00297679  0.00273243         9.8
     3.621 -1.85968e-05 -3.43698e-06  -4.4978e-09 -0.00297679  0.00273243         9.8
     3.626 -1.85968e-05 -3.43698e-06  -4.4978e-09 -0.00297679  0.00273243         9.8
     3.631 -1.85968e-05 -3.43698e-06  -4.4978e-09 -0.00297679  0.00273243         9.8
     3.636 -1.85968e-05 -3.43698e-06  -4.4978e-09 -0.00297679  0.00273243         9.8
     3.641 -1.85968e-05 -3.43698e-06  -4.4978e-09 -0.00297679  0.00273243         9.8
     3.646 -1.85968e-05 -3.43698e-06  -4.4978e-09 -0.00297679  0.00273243         9.8
     3.651 -1.85968e-05 -3.43698e-06  -4.4978e-09 -0.00297679  0.00273243         9.8
     3.656 -1.85968e-05 -3.43698e-06  -4.4978e-09 -0.00297679  0.00273243         9.8
     3.661 -1.85968e-05 -3.43698e-06  -4.4978e-09 -0.00297679  0.00273243         9.8
     3.666 -1.85968e-05 -3.43698e-06  -4.4978e-09 -0.00297679  0.00273243         9.8
     3.671 -1.85968e-05 -3.43698e-06  -4.4978e-09 -0.00297679  0.00273243         9.8
     3.676 -1.85968e-05 -3.43698e-06  -4.4978e-09 -0.00297679  0.00273243         9.8
     3.681 -1.85968e-05 -3.43698e-06  -4.4978e-09 -0.00297679  0.00273243         9.8
     3.686 -1.85968e-05 -3.43698e-06  -4.4978e-09 -0.00297679  0.00273243         9.8
     3.691 -1.85968e-05 -3.43698e-06  -4.4978e-09 -0.00297679  0.00273243         9.8
     3.696 -1.85968e-05 -3.43698e-06  -4.4978e-09 -0.00297679  0.00273243         9.8
     3.701 -1.85968e-05 -3.43698e-06  -4.4978e-09 -0.00297679  0.00273243         9.8
