                   0  0 -0  0 0 0 0 0 0 0 0 0 0 0 0 0 1 0 0
                   0  0 -0  0 0 0 0 0 0 0 0 0 0 0 0 0 1 0 0
                   0   0.0159764   0.0174051 2.42644e-06 0 0 0 0 0 0 0 0 0 0 0 0 1 0 0
               0.305   0.0158709   0.0173856 2.39551e-06 -5.87674e-09  3.17978e-08 -1.55764e-14 -1.74181e-07  9.42458e-07 -6.17128e-13 0 0 0 0 0 0 1 0 0
               0.406   0.178494 -0.0210867 -0.0227369 9.29613e-05  0.00203877 -0.00186624  -0.00128784  -0.00527233 -0.000188699 -2.8244e-07 6.56356e-08 3.82365e-08 -1.01076e-09 -1.17455e-08  8.49399e-09 1 0 0
               0.505  0.243303 -0.148216 -0.062027  0.000482644   0.00277455 -4.06064e-07 -0.00189738 -0.00232235  0.00819065 -5.25211e-06  8.68128e-06  2.76256e-06 -4.76729e-07 -1.02567e-06 -1.16274e-06 1 0 0
               0.605    0.20655   -0.01976 -0.0237442 -0.000393333   0.00383404   -0.0129558 -0.00452811 -0.00102384  -0.0450422 -5.83468e-06 -1.53482e-07  4.90152e-07 6.57941e-07 5.94808e-07 1.52797e-05 1 0 0
               0.704  0.204685 0.0091037 -0.028004 -0.00127365  0.00198565  -0.0127341 -0.00611503 -0.00940578  -0.0287542 -2.95264e-06 -2.25582e-06  8.68008e-07 2.62063e-06 3.47414e-06 4.57587e-06 1 0 0
               0.806    0.189732 -0.00863278  -0.0286958 -0.00120349 0.000265585  -0.0057557 -0.00394614  -0.0122606   0.0040465  2.99368e-06 -7.59958e-07  7.18963e-07 -2.08515e-06 -4.65059e-06 -3.94023e-05 1 0 0
               0.905   0.146999  0.0184195 -0.0280719  -0.00163501 -0.000200275  -0.00703635 -0.00395226  -0.0115035 -0.00138721  5.46497e-06 -2.76047e-06  6.87227e-07 -1.63539e-06 -1.00608e-05  -2.9364e-05 1 0 0
               1.004   0.224074  0.0197797 -0.0334767 -0.00118511  0.00147832  -0.0114804 -0.000844787  -0.00522245   -0.0151627 -7.02604e-07 -2.98537e-06  1.04378e-06 -9.73303e-06 -3.62642e-05  2.24411e-06 1 0 0
               1.105   0.248522  -0.023161 -0.0612235 -0.000599117   0.00272648   -0.0106897 0.000987251 -0.00133279 -0.00707204  -1.7499e-06 -1.60289e-07  2.96998e-06 -1.67583e-05 -5.61186e-05 -1.81517e-05 1 0 0
               1.204   0.203739 0.00454874 -0.0344285 -0.000196477   0.00265979   -0.0111778  0.00205653 -0.00341341 -0.00634423 1.36975e-06 -2.1752e-06 1.13271e-06 -1.93905e-05 -5.78666e-05 -1.99943e-05 1 0 0
               1.306   0.200591 -0.0136622  -0.034203 0.000603161 0.000848468 -0.00407078  0.00395733 -0.00963804   0.0193355  1.09856e-06 -1.08128e-06  1.13225e-06 -2.51127e-05 -4.77325e-05 -8.59491e-05 1 0 0
               1.409   0.218062 -0.0855671  -0.034298  0.00162779 0.000470172  0.00397964  0.00454068 -0.00896477   0.0395513 -2.30483e-07  4.05769e-06  1.16745e-06 -3.20921e-05  -5.6661e-05 -0.000137208 1 0 0
               1.506   0.146984  0.0383161 -0.0124506 -0.000387349  0.000243397  -0.00193431 -0.00366924  -0.0102614  0.00725517  5.02281e-06 -4.29173e-06 -2.92794e-07 -8.42045e-06  -5.9811e-05  -5.4291e-05 1 0 0
               1.605   0.158957  0.0272617 -0.0231574 -0.000835274 -0.000335442  -0.00605051 -0.00401471  -0.0117535 -0.00887119  4.37064e-06 -3.46729e-06  4.84952e-07 -7.55863e-06 -6.35781e-05 -1.28788e-05 1 0 0
               1.707    0.199861 -0.00340743 -0.00583313 -0.000420846 -0.000156204   -0.0034775 -0.00126528 -0.00857196  0.00305017  1.71745e-06  -1.4498e-06 -7.65978e-07 -1.57813e-05 -7.98583e-05 -4.38036e-05 1 0 0
               1.805   0.131885 -0.0149889 -0.0317636  -0.00043013 -0.000149041  -0.00734221 -0.00141134 -0.00754758   -0.010857  6.94976e-06 -6.19289e-07  1.15245e-06 -1.72251e-05 -8.68349e-05 -7.99758e-06 1 0 0
               1.908   0.176156  0.0234012 -0.0231979 -0.000128784    0.0016992   -0.0131648 0.000398831 -0.00132831  -0.0259543  4.12446e-06 -3.36976e-06   5.6296e-07 -2.10367e-05 -0.000111968  3.11899e-05 1 0 0
               2.009    0.240245 -0.00269674  -0.0189828 0.000153747  0.00248994  -0.0110729   0.00110013 -0.000214694   -0.0100273 -3.06263e-07 -1.50355e-06  2.60328e-07 -2.38629e-05 -0.000124644 -9.84933e-06 1 0 0
               2.106    0.241601   -0.043719 -0.00694929 1.43595e-05   0.0023281 -0.00641279 -0.000617548  -0.00243499   0.00893339 -3.56104e-07  1.52506e-06 -6.30076e-07 -2.25179e-05 -0.000127033  -5.9112e-05 1 0 0
               2.208   0.21592 0.0219765 -0.012615 -0.000770148   0.00229871  -0.00984409 -0.00302282  -0.0053709   -0.005563  1.77324e-06  -3.3589e-06 -2.09651e-07 -1.50842e-05 -0.000129039 -2.12581e-05 1 0 0
               2.306     0.241733 -9.67511e-05   -0.0252535 -0.00081437  0.00139329 -0.00562672 -0.00227164 -0.00884794   0.0104201 -1.69599e-07 -1.75642e-06  7.17205e-07   -1.801e-05 -0.000129174 -6.36149e-05 1 0 0
               2.405   0.199499 -0.0384055 -0.0150256 0.000595717 0.000360955 0.000820823 0.00294282   -0.01044  0.0286743  2.99333e-06   1.0023e-06 -5.55556e-08 -3.47188e-05 -0.000130879  -0.00011242 1 0 0
               2.508   0.157483  0.0250982 -0.0269918 -0.000406762 -0.000679308  7.05449e-05 -0.00143615  -0.0129851   0.0165144  5.90702e-06 -3.46115e-06  8.66427e-07  -2.1481e-05 -0.000130734 -7.94748e-05 1 0 0
                2.61   0.163654  0.0494229 -0.0292363 -0.00107036 -0.00015158 -0.00632282 -0.00280164 -0.00993718 -0.00985927  5.78319e-06 -5.20594e-06  1.02363e-06 -1.61197e-05 -0.000147597 -8.78006e-06 1 0 0
                2.71   0.171158  0.0152636 -0.0152432  -0.00027649 -0.000520195  -0.00523525   0.0010292 -0.00926129 -0.00279667  5.43061e-06 -2.93281e-06 -2.05011e-08 -2.67677e-05 -0.000155793 -2.76966e-05 1 0 0
                2.81   0.176818 -0.0336457 -0.0525241 3.12442e-05 7.37812e-05 -0.00594982 0.000886522 -0.00584631 -0.00398024 5.47225e-06 5.72661e-07 2.69776e-06 -2.96297e-05 -0.000171903 -2.44739e-05 1 0 0
               2.911    0.184696   0.0328061 -0.00315696 -0.000337042   0.00163664   -0.0116963 -0.000372418  -0.00139068   -0.0214765  5.55786e-06 -4.15569e-06 -9.19095e-07 -2.46554e-05 -0.000192394  2.18084e-05 1 0 0
               3.005   0.208194  0.0309957 -0.0210407 -0.000603936   0.00224977   -0.0118488 -0.000974896 -0.000695058   -0.0149335  3.99142e-06 -3.91432e-06  4.76069e-07  -2.2452e-05 -0.000202064  4.60615e-06 1 0 0
               3.105   0.210523  0.0117797 -0.0300507 -0.000450005   0.00192684  -0.00756275 3.14056e-06 -0.00294971  0.00450192 3.86212e-06  -2.577e-06 1.09647e-06 -2.52237e-05  -0.00020345 -4.75704e-05 1 0 0
               3.206    0.21053  0.0298911 -0.0188112 -0.000604868   0.00226282   -0.0104709 -0.000414096  -0.00405993  -0.00670332  3.99973e-06 -3.88322e-06   2.6809e-07 -2.34085e-05 -0.000210184 -1.73983e-05 1 0 0
               3.306   0.206251  0.0195082 -0.0330038 -0.00061138  0.00121128 -0.00927434 -0.000243325   -0.0086595 -0.000503639  4.21088e-06 -3.14029e-06  1.29666e-06 -2.38362e-05 -0.000205972   -3.406e-05 1 0 0
               3.405    0.24152 -0.0211036 -0.0205133 0.000387064 0.000838394 -0.00160622     0.00311 -0.00827647   0.0258887  1.53229e-06 -2.42149e-07  3.80318e-07 -3.44556e-05 -0.000215506  -0.00010393 1 0 0
               3.509   0.199676 -0.0130889 -0.0259802 -0.000104095  0.000313519   0.00420525 -0.000152014  -0.00879679    0.0362755 4.76333e-06 -6.9427e-07  7.9576e-07 -2.68944e-05 -0.000221203  -0.00013196 1 0 0
               3.605   0.155366  0.0183103 -0.0143869 -0.000240176  0.000380404  -0.00390973 -0.000660898  -0.00962455  -0.00266241  8.44875e-06 -3.11219e-06 -1.13545e-07 -2.53107e-05 -0.000226755 -2.59295e-05 1 0 0
               3.706   0.198732 -0.0160218 -0.0322423 0.000280888 6.82316e-05 -0.00256437 0.000971619 -0.00944097  0.00291257 5.37841e-06 -6.5929e-07 1.23168e-06 -3.18084e-05  -0.00023608 -4.12253e-05 1 0 0
