               0.305     0.1786 -0.0210665 -0.0227365  0.00018937  0.00242934 -0.00184739 -0.000621304  -0.00246153 -0.000184486 -2.8244e-07 6.56356e-08 3.82365e-08 -1.01076e-09 -1.17455e-08  8.49399e-09 1 0 0 16067
               0.406  0.243379 -0.148148 -0.062011  0.000531347   0.00281388 -0.000811848 0.000913277  0.00152801  0.00820212 -5.25211e-06  8.68128e-06  2.76256e-06 -4.76729e-07 -1.02567e-06 -1.16274e-06 1 0 0 16004
               0.505   0.206623 -0.0197412 -0.0237413  2.7595e-05  0.00377328 -0.00845204 -0.0038905 0.00223929 -0.0450335 -5.83468e-06 -1.53482e-07  4.90152e-07 6.57941e-07 5.94808e-07 1.52797e-05 1 0 0 15990
               0.605   0.204774 0.00911039  -0.027999 -0.00067533  0.00275845 -0.00988774  -0.0059723 -0.00620599   -0.028748 -2.95264e-06 -2.25582e-06  8.68008e-07 2.62063e-06 3.47414e-06 4.57587e-06 1 0 0 16014
               0.704    0.189858 -0.00861715  -0.0286915 -0.000824224   0.00136144  -0.00616828 -0.00349047 -0.00922639  0.00404324  2.99368e-06 -7.59958e-07  7.18963e-07 -2.08515e-06 -4.65059e-06 -3.94023e-05 1 0 0 16074
               0.806   0.147135  0.0184233 -0.0280679 -0.00124292  0.00082871 -0.00689886 -0.00396872 -0.00928366 -0.00139044  5.46497e-06 -2.76047e-06  6.87227e-07 -1.63539e-06 -1.00608e-05  -2.9364e-05 1 0 0 16198
               0.905   0.224175  0.0197823 -0.0334708 -0.00109949  0.00182108 -0.00997963 -0.000884896  -0.00170163   -0.0151559 -7.02604e-07 -2.98537e-06  1.04378e-06 -9.73303e-06 -3.62642e-05  2.24411e-06 1 0 0 16029
               1.004   0.248619 -0.0231421 -0.0612062 -0.000734296   0.00265861  -0.00997562  0.0016895 0.00267716 -0.0070673  -1.7499e-06 -1.60289e-07  2.96998e-06 -1.67583e-05 -5.61186e-05 -1.81517e-05 1 0 0 16013
               1.105   0.203852 0.00455587  -0.034422 -0.000410764   0.00284073   -0.0105498    0.0022725 -0.000241497  -0.00634295 1.36975e-06 -2.1752e-06 1.13271e-06 -1.93905e-05 -5.78666e-05 -1.99943e-05 1 0 0 16004
               1.204   0.200706 -0.0136484 -0.0341963 0.000172007   0.0016676 -0.00604239  0.00449662 -0.00642308   0.0193236  1.09856e-06 -1.08128e-06  1.13225e-06 -2.51127e-05 -4.77325e-05 -8.59491e-05 1 0 0 16250
               1.306    0.21817 -0.0855228 -0.0342909   0.00106682   0.00121063 -9.31257e-05  0.00635177 -0.00541277   0.0395315 -2.30483e-07  4.05769e-06  1.16745e-06 -3.20921e-05  -5.6661e-05 -0.000137208 1 0 0 16197
               1.409   0.147115  0.0383113 -0.0124522 -1.4534e-05  0.00113375 -0.00263768 -0.00401765  -0.0080961  0.00724727  5.02281e-06 -4.29173e-06 -2.92794e-07 -8.42045e-06  -5.9811e-05  -5.4291e-05 1 0 0 15997
               1.506   0.159088  0.0272616 -0.0231546 -0.000429521  0.000708776  -0.00517228 -0.00418231 -0.00934139 -0.00887084  4.37064e-06 -3.46729e-06  4.84952e-07 -7.55863e-06 -6.35781e-05 -1.28788e-05 1 0 0 16009
               1.605     0.19998  -0.0033958 -0.00583754 -0.000310174   0.00055515  -0.00378842 -0.000904797  -0.00537583   0.00304648  1.71745e-06  -1.4498e-06 -7.65978e-07 -1.57813e-05 -7.98583e-05 -4.38036e-05 1 0 0 15999
               1.707   0.132028 -0.0149731 -0.0317571 -0.000318336  0.000496128  -0.00627824 -0.000870218  -0.00561871   -0.0108566  6.94976e-06 -6.19289e-07  1.15245e-06 -1.72251e-05 -8.68349e-05 -7.99758e-06 1 0 0 16057
               1.805    0.17629  0.0234016 -0.0231946 -0.000164258   0.00169167   -0.0104921 0.000289968  0.00147492  -0.0259444  4.12446e-06 -3.36976e-06   5.6296e-07 -2.10367e-05 -0.000111968  3.11899e-05 1 0 0 16041
               1.908    0.240351 -0.00268556  -0.0189813 2.52577e-05  0.00231701  -0.0100604 0.00144418 0.00363947 -0.0100218 -3.06263e-07 -1.50355e-06  2.60328e-07 -2.38629e-05 -0.000124644 -9.84933e-06 1 0 0 16020
               2.009    0.241702  -0.0436914 -0.00695265 2.52237e-05  0.00238371 -0.00727916 0.000393466  0.00128859  0.00893001 -3.56104e-07  1.52506e-06 -6.30076e-07 -2.25179e-05 -0.000127033  -5.9112e-05 1 0 0 16020
               2.106   0.216039  0.0219769 -0.0126162 -0.000457632   0.00266975  -0.00927675 -0.00310495 -0.00190398 -0.00556137  1.77324e-06  -3.3589e-06 -2.09651e-07 -1.50842e-05 -0.000129039 -2.12581e-05 1 0 0 16086
               2.208     0.241836 -8.73312e-05   -0.0252494 -0.000606046   0.00207597  -0.00664766 -0.00197989 -0.00508415   0.0104154 -1.69599e-07 -1.75642e-06  7.17205e-07   -1.801e-05 -0.000129174 -6.36149e-05 1 0 0 16247
               2.306   0.199621 -0.0383804 -0.0150258  0.00025785  0.00124177 -0.00201714  0.00388269 -0.00735388   0.0286582  2.99333e-06   1.0023e-06 -5.55556e-08 -3.47188e-05 -0.000130879  -0.00011242 1 0 0 16089
               2.405   0.157628   0.025098 -0.0269867 -0.000251688  0.000530957  -0.00162978 -0.00157499  -0.0105147   0.0165015  5.90702e-06 -3.46115e-06  8.66427e-07  -2.1481e-05 -0.000130734 -7.94748e-05 1 0 0 16003
               2.508   0.163797  0.0494125 -0.0292304 -0.000755978  0.000731928  -0.00531725 -0.00336264  -0.0073861 -0.00985792  5.78319e-06 -5.20594e-06  1.02363e-06 -1.61197e-05 -0.000147597 -8.78006e-06 1 0 0 16003
                2.61   0.171295  0.0152665 -0.0152433 -0.000381015  0.000274571  -0.00495548  0.00106131 -0.00663365 -0.00279875  5.43061e-06 -2.93281e-06 -2.05011e-08 -2.67677e-05 -0.000155793 -2.76966e-05 1 0 0 15998
                2.71   0.176956 -0.0336228 -0.0525086 -0.000100939  0.000522396  -0.00555175  0.00175708  -0.0031256 -0.00398107 5.47225e-06 5.72661e-07 2.69776e-06 -2.96297e-05 -0.000171903 -2.44739e-05 1 0 0 16076
                2.81    0.184836   0.0328019 -0.00316227 -0.000285742   0.00163162  -0.00952757 -0.000643411   0.00149037   -0.0214685  5.55786e-06 -4.15569e-06 -9.19095e-07 -2.46554e-05 -0.000192394  2.18084e-05 1 0 0 16059
               2.911   0.208316  0.0309931 -0.0210381 -0.000501875   0.00217141   -0.0104453 -0.00119662   0.0023627  -0.0149279  3.99142e-06 -3.91432e-06  4.76069e-07  -2.2452e-05 -0.000202064  4.60615e-06 1 0 0 16091
               3.005   0.210651  0.0117846 -0.0300444 -0.000454973    0.0020572  -0.00801276  9.6205e-05 0.000342781  0.00449816 3.86212e-06  -2.577e-06 1.09647e-06 -2.52237e-05  -0.00020345 -4.75704e-05 1 0 0 16015
               3.105   0.210661  0.0298885 -0.0188097 -0.000551963   0.00250501  -0.00979398 -0.000633525 -0.000735543  -0.00670138  3.99973e-06 -3.88322e-06   2.6809e-07 -2.34085e-05 -0.000210184 -1.73983e-05 1 0 0 16092
               3.206   0.206382  0.0195099 -0.0329963 -0.000585106    0.0019163   -0.0092239 -0.000282161  -0.00544053 -0.000505108  4.21088e-06 -3.14029e-06  1.29666e-06 -2.38362e-05 -0.000205972   -3.406e-05 1 0 0 16130
               3.306   0.241634 -0.0210855  -0.020511 4.71302e-05  0.00147055 -0.00416861   0.0037573 -0.00449402   0.0258767  1.53229e-06 -2.42149e-07  3.80318e-07 -3.44556e-05 -0.000215506  -0.00010393 1 0 0 16093
               3.405   0.199815 -0.0130726 -0.0259753 -0.000116307   0.00106057  0.000433673 0.000386807 -0.00556922   0.0362548 4.76333e-06 -6.9427e-07  7.9576e-07 -2.68944e-05 -0.000221203  -0.00013196 1 0 0 16006
               3.509   0.155515  0.0183121 -0.0143874 -0.000175814   0.00119637  -0.00365402 -0.000679985  -0.00737427  -0.00266483  8.44875e-06 -3.11219e-06 -1.13545e-07 -2.53107e-05 -0.000226755 -2.59295e-05 1 0 0 15998
               3.605    0.19887 -0.0160057 -0.0322351 0.000153795 0.000864472 -0.00285838  0.00154502 -0.00632577  0.00290941 5.37841e-06 -6.5929e-07 1.23168e-06 -3.18084e-05  -0.00023608 -4.12253e-05 1 0 0 16006
               3.706   0.178142 -0.0322026 -0.0252325 0.000651044 0.000497431 -0.00142574 0.00309006  -0.006018 0.00884237 7.27091e-06 4.92285e-07 6.80225e-07 -3.77418e-05 -0.000244327 -5.74849e-05 1 0 0 16062
